300 1000
0 1073 744 1512 385 1238 761 1493 1258 907 948 1018 1236 932 1098 1078 859 508 843 772 912 1130 877 739 421 874 386 796 1025 870 1032 908 804 731 199 1114 583 799 659 988 755 759 262 847 1086 988 890 714 526 1268 1148 1096 1133 998 755 1274 943 1081 807 623 976 863 1454 714 923 1531 989 1132 482 813 997 854 827 625 914 843 1087 703 647 557 1116 630 947 1411 793 925 265 958 1119 963 782 927 665 673 724 933 897 736 693 1082 950 1122 556 1575 776 964 795 403 938 507 1296 1352 1035 1318 813 1345 1053 915 600 1181 381 1279 1279 414 693 1152 145 581 1007 1074 591 1004 645 1206 573 1237 1347 906 815 1292 719 1163 1026 574 1011 1048 671 1183 552 1050 791 527 912 956 727 1224 1043 768 969 1014 1082 1106 1264 635 790 898 1142 1013 1004 933 901 580 931 889 648 692 855 1046 868 543 823 679 646 834 1524 989 1012 1041 1498 954 999 818 930 842 1214 881 1012 873 1201 854 721 979 754 837 955 1123 977 1314 980 814 913 881 800 692 427 916 1051 975 1084 922 948 1263 902 602 1054 834 649 1005 827 912 815 1053 704 840 1043 396 992 915 702 739 451 1230 648 1123 721 1014 936 977 955 1049 944 836 1459 1046 820 751 809 924 1284 796 565 1225 824 1130 920 466 660 1567 747 1067 802 801 708 1336 915 846 798 907 1357 769 895 468 918 1164 1050 1305 1567 602 919 795 1581 966 961 1002 1387 1092 537 793 941 702
1073 0 928 1509 977 1146 902 1325 941 663 715 794 910 919 1365 1065 1232 1108 840 696 1021 1375 1122 984 891 890 830 1063 1015 515 842 1037 813 740 982 954 692 808 843 570 864 1098 811 600 932 868 1039 359 771 1374 1328 1152 552 1002 400 844 952 718 490 1223 659 508 1406 409 720 1214 1192 802 895 800 750 862 594 596 675 488 840 712 681 566 1002 740 1146 1221 569 718 808 617 1120 1187 866 936 817 918 758 942 771 744 678 1011 1059 1073 665 1057 421 757 846 670 583 1107 941 1145 1155 1405 458 1346 994 709 867 826 981 924 1388 659 523 1038 928 848 1027 1250 625 1036 1058 1169 840 882 992 902 769 921 922 1150 685 583 1070 1052 812 792 819 674 1058 785 1031 808 1194 861 855 777 640 1123 803 1184 774 974 1035 317 1176 1127 725 578 657 993 983 1050 657 977 842 1078 896 788 393 946 1090 943 1271 930 1121 802 1320 1063 419 805 869 1084 1196 587 899 1096 850 851 830 776 558 701 964 708 396 1229 967 654 900 540 968 431 897 1477 734 566 1157 919 820 922 910 611 644 943 833 531 246 722 1082 1205 658 1040 1033 996 1101 970 930 549 696 1239 757 1157 730 879 619 505 964 884 754 832 878 822 1065 860 893 583 704 980 574 1234 976 1004 1481 733 769 1377 565 1064 485 1079 716 1293 1099 529 481 916 1192 452 314 753 577 1195 1032 1053 1216 869 564 804 1166 722 833 989 1142 769 804 913 368 969
744 928 0 1032 367 1133 836 1118 854 454 612 950 1218 792 1233 1089 1189 490 521 649 813 1025 966 502 824 826 797 931 700 624 999 636 277 698 831 955 759 766 105 488 897 741 679 982 867 873 1038 726 661 1325 594 1110 988 745 767 1180 840 835 557 575 572 875 1118 681 655 1127 971 845 763 834 1035 345 491 663 360 597 945 670 654 524 799 765 611 1288 570 653 676 622 1200 670 862 894 111 568 843 830 568 227 828 942 688 864 732 1325 788 692 690 538 881 489 1093 1080 1113 764 825 974 837 897 735 935 363 1217 1017 549 812 835 777 716 745 1355 710 994 926 1056 708 931 867 699 770 932 614 759 690 541 1055 795 746 803 687 1056 926 791 514 761 709 978 648 735 940 752 528 1070 1057 617 925 753 1149 1085 643 730 448 861 466 1141 525 1044 876 1029 820 678 829 814 978 790 1388 782 1154 487 1113 1130 855 829 912 877 1082 588 889 969 1279 510 765 711 682 384 793 1067 832 805 840 655 773 545 803 659 818 898 647 888 1075 442 706 927 393 479 708 891 95 831 682 879 950 499 659 504 718 348 934 361 597 706 586 1197 824 976 688 832 416 423 922 1040 598 629 1314 978 909 893 835 588 1051 242 532 1192 270 801 902 601 704 1221 689 631 486 543 255 827 810 442 548 784 1348 519 614 820 582 1073 918 966 1337 737 652 286 1396 513 719 1013 935 562 672 871 668 837
1512 1509 1032 0 1164 1548 1603 1743 1248 1032 1190 1407 1428 1370 1894 1620 1365 1287 669 1275 1113 1440 1228 917 1475 991 1368 1534 1000 1202 1662 1214 1309 1431 1421 1533 929 1499 1137 1113 1155 1457 1250 1525 1298 1334 1692 1304 1226 1552 1626 1598 1569 1544 1345 1758 1524 1413 1135 1372 1150 1453 2097 1100 1115 1521 1687 1423 1424 1419 1613 923 1069 1025 1254 1175 1523 1403 1261 1257 1501 1330 1426 1895 1148 1117 1247 1200 1811 1248 1182 1540 1143 983 1450 1514 1350 805 1393 1520 1584 1713 956 1903 1366 1156 1105 1199 1528 1286 1671 1544 1831 1796 1403 1644 1137 1694 1347 1513 1160 1632 1883 1188 1419 1520 1367 1377 1599 1937 1317 1727 1587 1752 1369 1827 1899 1284 1348 1624 1029 1769 1268 1274 1203 1594 1513 1753 1348 1450 1587 1369 1092 909 1506 1556 1353 1174 1408 1648 1386 1683 1642 1333 1564 1334 1756 1515 1268 1308 1026 1522 1044 1515 1348 1268 1461 1713 997 1243 1410 1475 1398 1180 1966 1201 1412 1381 1738 1300 1436 1414 1709 1542 1847 1166 1712 1547 1901 658 913 1171 1249 962 1608 1399 1321 1383 1418 1233 1351 1123 1500 1122 1471 1695 1225 1466 1700 590 1496 1505 971 1302 1220 1180 1127 1504 1263 1542 1611 1531 1237 1533 1018 1145 1338 1393 1012 1369 1151 1643 994 1554 1421 1583 1198 1178 1655 1317 1290 1354 1895 1379 1171 1151 1209 1166 1519 1274 1265 1631 1302 1583 1699 1262 852 1913 1256 893 1064 1572 833 1859 1225 1020 1126 1446 1625 1097 1331 1044 1160 1967 1708 1544 2127 1398 1251 1318 1857 1091 1509 1598 1725 1352 1333 1589 1341 1498
385 977 367 1164 0 1310 1013 1116 930 530 688 1006 1209 924 1410 1123 1146 131 653 703 910 1202 860 679 806 872 771 653 877 700 1122 768 454 793 584 961 581 943 282 611 753 374 647 814 771 949 1150 802 838 1266 771 1205 1037 621 843 1018 601 792 563 246 648 897 1077 858 559 1203 604 747 867 858 964 477 567 485 537 673 951 821 831 701 976 760 570 1327 408 557 650 698 1017 802 780 1071 288 745 1020 591 745 359 904 1018 678 745 554 1201 848 596 867 715 686 130 1128 984 1290 941 901 1151 932 538 845 1011 4 1282 1007 726 989 1012 530 893 676 1435 887 832 1030 1233 885 890 1044 876 430 1068 791 936 766 718 984 671 923 980 864 910 1048 867 646 893 350 935 825 912 584 742 705 1247 1234 250 1102 802 1093 1122 766 806 524 965 598 1113 702 866 900 790 866 855 878 991 926 832 1345 868 1010 664 1121 952 828 863 553 1054 1259 594 1066 1101 1412 642 719 615 758 460 752 1110 881 937 972 661 905 621 980 836 812 539 723 640 1198 574 883 1003 525 656 885 832 272 620 731 1002 1127 676 319 463 895 19 630 538 774 829 763 1271 646 1108 865 1009 593 600 1099 952 775 806 1363 978 803 749 807 664 1113 419 709 1259 447 795 543 778 658 1398 765 763 492 424 331 1004 987 518 554 961 1260 525 791 642 658 1165 1095 1042 1514 859 749 463 1528 589 896 1047 1010 739 849 1048 783 959
1238 1146 1133 1548 1310 0 1216 1577 1444 1317 1140 1409 1215 1109 1530 1274 1379 1229 901 1142 1272 1022 1287 631 1121 1080 1094 1228 1368 1169 1442 953 1214 1125 1147 1451 943 1209 1028 1224 894 1323 976 546 1345 1348 985 1013 936 1628 1517 1528 1206 1341 1054 1498 1337 1372 1040 1518 1162 1162 1865 1063 1129 1717 1546 1456 1060 1096 696 1291 1136 1039 1301 1142 786 1097 843 967 1138 1040 1531 1477 1195 1131 973 1267 1426 1549 859 1337 1054 565 1032 1327 1334 1173 1000 1259 1284 1563 970 1711 1075 1170 687 835 1237 1432 1316 1558 1467 1567 1112 1652 1476 822 1032 1480 1306 1214 1465 824 1001 1102 1093 1013 1341 1652 899 1436 1223 1515 1005 1536 1646 1465 1390 1469 611 1446 1321 968 1217 1391 1277 1446 984 1028 1223 1227 1317 1141 1359 1491 935 756 1085 1348 1055 1524 1128 1199 1200 971 1338 1445 1277 1232 1311 1158 1345 996 1058 1282 1138 1478 1074 850 1047 1111 980 1194 1901 1412 1151 1397 1572 1314 1073 1091 1523 1164 1536 1213 1422 1286 1508 890 927 1185 1139 1243 1349 1198 750 1751 1157 1184 1090 1190 1107 1085 1115 1367 1237 1220 1516 958 1165 1558 1196 1012 998 1194 1038 1185 900 1322 1247 1442 1284 1441 1386 1291 1352 1136 594 1149 861 1225 1008 1319 1115 1260 1245 1159 1349 1499 1108 1395 1532 1437 1230 890 832 1233 1358 1185 959 1213 1213 1567 1371 898 866 1731 1146 1125 1111 1480 1201 1663 807 1155 1049 1317 1807 1078 968 1058 1213 1704 1372 1501 1796 1034 1218 1205 1656 1376 1178 1275 1394 1021 969 1225 1022 1134
761 902 836 1603 1013 1216 0 1373 1113 969 655 1204 1094 1071 1195 1069 1465 1136 987 938 1105 1108 1100 717 340 1166 885 1019 1080 667 1146 947 923 897 938 1172 1018 965 751 961 888 1018 767 821 976 916 382 543 749 1617 1240 1169 962 1104 502 1254 1109 834 816 1221 831 610 1563 610 920 1386 788 986 401 952 671 916 534 922 935 640 581 869 757 723 1013 853 1231 1405 829 922 764 665 1321 1241 853 1093 757 651 946 1099 927 798 916 1221 1161 1394 991 1467 605 961 529 626 767 1135 1125 1294 1258 1410 642 1547 943 1097 697 978 1009 1026 1307 637 915 1049 884 678 1184 993 813 1088 564 1217 796 984 1176 796 1029 824 605 1302 733 740 1303 1154 90 695 775 1084 1014 234 1085 1218 1306 977 903 598 1050 1225 851 1203 1154 1142 1013 727 1252 1086 1116 762 963 499 1037 971 814 1191 994 1046 1160 766 803 776 1066 1269 1387 879 1145 1062 1368 1389 829 957 1279 1065 1337 847 1083 970 1424 976 1013 976 461 641 1121 1118 806 1376 1099 914 1052 588 1023 588 346 1453 906 682 1181 1013 961 970 964 768 1054 1183 741 941 656 1026 1038 1145 918 1124 1062 994 1407 1007 680 853 674 1067 1083 1233 887 1108 879 915 923 1294 1164 866 1288 1232 1043 884 826 631 1114 888 731 1055 916 1033 1457 563 952 1598 454 1202 745 1085 770 1196 893 701 807 1073 1602 778 724 967 625 1083 1173 1163 1592 825 716 932 1576 979 974 1092 1190 817 634 1016 778 925
1493 1325 1118 1743 1116 1577 1373 0 991 862 960 944 1511 948 1543 1294 1775 1239 1232 1199 856 1469 1389 1078 1245 1234 1311 1308 743 864 1343 792 1205 1098 1557 1290 1185 1458 1033 943 1301 966 1386 1409 1041 1113 1522 966 1187 1368 1522 1341 1385 1499 1007 1657 1310 1075 1323 1354 1273 1115 1547 1242 1063 1264 1196 1253 1296 1029 1559 1195 839 1281 1083 837 1649 1070 1050 1216 1332 1291 1426 1828 1210 1061 1383 862 1681 1520 1266 1283 1007 1012 1239 1300 1158 1077 1255 1098 1442 1601 1212 1779 1028 1100 1134 1245 1190 986 1501 1488 1705 1299 1065 1509 880 1500 1442 1175 1112 1531 1386 1234 1208 1368 1503 1229 1385 1349 1106 1333 1459 1050 1369 1489 1599 1027 1410 1308 1058 1379 856 1199 1613 1549 1283 1437 1348 1050 1587 1139 1156 1316 1458 1218 642 1203 1303 1506 590 718 1385 1090 1610 1150 1355 1258 1098 1138 856 1394 1316 1585 1307 1524 1071 1375 1228 1105 1206 1415 1427 1436 1628 944 1558 1210 5 1347 1252 1034 1661 871 1034 1224 1411 1125 1697 1221 1265 1119 1346 946 1322 1541 1229 1379 996 1157 929 785 848 1264 1241 1313 1198 1227 1530 1153 700 1093 1035 1261 1477 934 1023 1364 1079 1223 1456 1034 1299 1319 761 1127 1257 757 1041 1050 1197 1146 1120 1368 1346 1196 1139 1008 1387 1034 1526 1097 1711 972 1332 1297 1279 828 1407 1170 1208 1134 1166 1387 1309 1308 1262 1721 1353 1456 1273 1280 1049 1755 1254 1236 1314 1364 1342 1285 1147 1300 748 1796 870 1468 1331 1398 913 1214 1999 921 713 1218 929 556 1287 1463 1201 1498
1258 941 854 1248 930 1444 1113 991 0 798 956 1243 1266 907 1572 1043 1203 1053 737 667 361 1508 858 985 985 981 1114 1057 248 929 1247 1025 793 836 1167 925 690 694 863 879 901 1041 996 898 510 965 857 808 1000 873 1299 350 1001 676 849 1150 788 929 527 1138 282 957 1462 801 691 273 1259 1189 1046 788 748 745 835 633 588 902 658 864 948 828 973 1070 1127 1534 540 689 993 966 1224 1070 877 1147 837 1051 1137 798 627 627 1037 982 733 1105 702 1256 870 685 1092 877 818 1052 1183 1073 1041 1100 907 1310 349 1158 1074 1206 926 1021 1062 888 972 1009 1113 1055 790 1630 1004 641 1209 1212 707 1331 1338 496 740 787 1097 906 807 811 1041 726 1023 658 728 1000 759 879 914 977 1272 1072 1103 1023 990 797 1051 942 854 917 1065 766 1148 267 969 1027 792 1144 866 1048 883 852 830 599 975 1017 842 1153 1037 941 1482 413 1158 715 986 816 868 783 1318 1302 1258 558 1247 1084 1255 726 828 747 652 728 1060 1037 845 1205 955 625 888 889 1274 779 991 1424 207 777 1401 658 1161 1044 793 837 818 439 853 930 695 1150 465 1225 629 1020 230 911 979 1087 1080 977 925 1125 625 852 664 1060 590 944 430 1333 928 566 1327 1271 801 897 904 932 1153 1000 820 1137 996 860 1428 940 767 1551 659 961 456 1059 599 1325 1293 412 518 1142 1641 489 763 790 915 1301 1094 676 1621 736 826 784 1495 857 1174 599 1390 1017 1011 799 817 670
907 663 454 1032 530 1317 969 862 798 0 556 832 934 558 1375 694 977 653 521 337 824 1055 966 699 841 384 866 708 711 568 1013 636 668 726 1033 595 541 794 496 93 701 823 862 771 413 693 672 507 838 933 985 1033 723 910 548 958 890 779 501 738 516 624 1340 580 201 1071 1053 403 892 439 921 345 435 607 505 541 871 698 728 552 742 878 706 1245 348 199 859 566 1291 670 666 810 470 765 917 880 713 227 849 708 967 851 568 1092 445 238 832 811 607 652 651 626 1141 1123 606 1201 574 880 713 879 526 924 1296 800 694 778 979 825 965 1303 784 1022 1055 973 802 1030 1140 593 548 710 811 789 634 569 815 960 879 839 823 845 1020 735 514 466 872 922 804 763 500 1031 752 987 945 699 1128 488 965 950 248 288 6 990 466 781 553 880 481 1064 378 855 564 1060 760 792 1332 510 958 378 867 912 590 434 1040 1033 827 362 917 735 1214 510 403 257 626 328 888 780 567 805 606 295 539 489 771 602 837 1051 591 737 680 442 623 871 393 507 777 792 486 566 417 893 1044 858 437 813 693 511 950 720 794 720 763 1225 606 976 623 723 561 158 787 866 887 663 1049 804 909 697 693 532 813 633 560 1220 629 932 1047 847 464 1499 633 631 430 852 199 1218 1007 386 492 812 1174 463 349 656 526 964 835 910 1493 831 617 677 1238 71 636 618 1091 718 918 899 403 931
948 715 612 1190 688 1140 655 960 956 556 0 792 907 658 1258 804 1283 811 679 799 1028 1032 1119 641 527 862 675 818 915 254 733 776 853 488 970 759 847 848 717 637 811 981 799 823 723 503 857 356 768 1372 1206 1124 775 889 397 1047 700 465 659 896 674 505 1437 632 507 1229 975 799 578 539 973 503 121 765 595 227 1047 460 414 606 714 872 894 1218 658 509 796 252 1116 828 776 976 723 575 603 690 691 385 901 808 832 1223 834 1280 418 548 453 667 580 810 938 881 1195 1138 455 1342 778 890 760 565 684 921 1150 656 572 678 916 511 775 989 470 931 741 804 759 879 989 797 858 1016 529 889 320 589 1121 939 565 1015 738 897 671 421 672 919 651 608 490 522 810 896 438 912 997 857 1032 540 909 1041 730 575 550 676 624 1056 697 1146 581 889 856 785 596 839 935 1035 1018 714 1068 722 955 1162 642 544 1092 719 924 690 896 803 1327 668 709 563 648 228 712 931 619 963 706 757 639 175 696 654 523 1219 749 617 1162 600 548 557 551 651 867 1029 707 754 469 613 843 882 747 1001 897 669 1078 605 604 440 693 991 843 890 736 1044 539 702 897 882 977 752 1101 820 1062 807 750 218 927 854 598 979 882 924 1223 626 770 1185 641 789 588 1040 357 1383 817 544 650 956 1190 621 537 922 212 1192 760 750 1179 788 303 844 1389 615 561 728 777 404 697 953 591 760
1018 794 950 1407 1006 1409 1204 944 1243 832 792 0 567 498 599 882 954 1129 738 998 1092 1301 849 910 901 1060 874 896 1205 696 1144 654 1037 930 927 840 785 877 865 774 889 668 756 902 1179 945 1341 661 738 580 1354 1221 854 679 702 1146 774 907 792 1214 961 810 921 711 1022 1516 898 1082 840 617 1052 895 671 881 977 669 1142 902 882 868 920 842 1266 1500 871 1020 753 694 1190 1361 854 1115 839 844 1060 764 1073 918 799 648 622 1375 812 1259 701 1059 966 615 863 1128 907 1323 1014 1131 760 1341 1146 1011 812 1007 1002 1226 951 626 825 956 873 793 679 1181 927 1005 1003 594 785 1184 1227 1165 1071 896 890 967 688 885 792 729 1114 1025 764 882 1003 971 850 978 1160 1050 474 1035 891 686 422 608 1076 792 696 619 905 1138 808 544 826 938 1157 1187 959 996 659 963 1066 649 695 891 926 1036 1460 1082 1146 1068 939 1023 721 622 860 664 620 889 955 675 1307 749 923 1078 860 778 1154 1010 698 435 546 956 517 617 392 733 895 1175 1036 868 1240 817 244 925 897 913 946 1014 855 833 548 1024 1027 866 960 1264 1223 987 376 589 873 851 663 1036 835 956 1032 1028 921 709 975 90 1056 1115 1180 28 792 885 881 660 463 983 876 1024 998 1089 1171 678 862 1491 867 514 787 1303 907 1587 1086 831 783 914 398 754 616 900 580 1338 456 1300 1163 814 745 1046 1468 761 257 806 761 388 749 772 670 914
1236 910 1218 1428 1209 1215 1094 1511 1266 934 907 567 0 954 1110 1090 387 1332 759 1021 982 1107 1192 716 1060 790 1092 556 1095 707 1260 946 1147 1045 1145 1279 653 1040 1113 988 879 1179 974 1018 1055 1058 1296 551 950 978 1489 1384 970 1162 592 1262 1257 918 881 1339 984 668 1019 827 839 1539 1409 870 999 835 1168 1168 786 749 1000 680 1258 1017 928 960 1131 1054 1437 1289 894 841 971 809 1498 1259 852 1327 1139 650 1117 1247 964 1050 1096 1104 1133 1459 680 1475 489 880 680 862 651 1331 1009 1268 1387 1622 650 1607 1120 1127 1059 1018 1205 1116 1419 851 941 1095 1091 1040 1190 1442 984 1268 1162 1161 1032 1074 1184 973 1094 1201 604 1185 877 961 225 1212 1004 1210 1011 1092 1250 1086 1310 872 1262 1061 1020 749 1058 1197 989 822 1192 1303 1207 735 1361 1346 1016 646 928 1097 1055 1131 1051 992 877 1310 784 967 811 1138 1065 904 1471 1056 1136 1127 1506 1024 837 830 1287 878 506 912 1091 1131 1604 770 637 895 976 893 1269 1126 814 1002 1002 979 935 732 959 849 1054 1452 1059 984 1448 838 811 1114 1189 1005 1062 904 1123 949 664 1140 1274 1433 983 1374 1113 1190 887 1156 679 967 875 1218 718 1374 1108 1253 944 923 1183 601 1014 903 1296 539 1135 875 825 775 974 1270 952 1206 1298 1197 1456 925 576 1637 983 983 810 1413 1022 1656 892 854 872 1170 909 843 732 768 769 1263 670 1378 1730 1061 756 1138 1584 863 824 1014 1328 955 996 1145 786 1161
932 919 792 1370 924 1109 1071 948 907 558 658 498 954 0 1041 384 891 1047 859 683 938 953 1094 610 807 704 546 398 985 458 1041 156 594 796 841 342 609 925 786 465 391 851 670 1009 908 811 961 560 688 1022 1275 723 979 879 601 1271 928 669 747 1132 850 709 1363 836 696 1180 1081 949 746 119 962 683 537 651 647 431 872 768 807 766 422 760 768 1029 760 694 667 560 734 1008 356 804 792 544 884 938 743 565 794 150 936 1085 582 1354 622 733 574 647 703 1046 1142 1121 1246 706 659 916 1021 1136 718 769 920 1101 1265 650 853 458 787 469 993 1193 751 697 909 1092 817 1083 933 874 960 398 498 469 628 783 729 829 981 527 796 1023 1035 837 520 786 716 812 798 643 393 1000 746 1081 1201 727 1026 744 407 640 310 779 552 844 804 689 675 894 161 739 698 705 820 797 806 743 1222 957 648 774 943 980 846 124 1260 1004 889 574 1100 177 1302 848 747 752 960 644 950 1100 823 933 48 641 19 483 890 858 801 677 925 821 742 780 742 865 399 721 1007 860 776 828 673 921 838 971 849 821 1003 905 818 913 573 748 613 1112 674 458 711 757 591 530 477 532 897 804 1305 470 1037 387 383 526 905 923 774 1100 951 612 673 584 686 1493 967 856 676 860 593 1126 786 720 738 416 840 709 719 670 520 1201 929 1166 1487 846 355 585 1558 617 755 308 1085 712 655 1004 665 946
1098 1365 1233 1894 1410 1530 1195 1543 1572 1375 1258 599 1110 1041 0 1425 1497 1533 1225 1414 1448 1422 1169 1031 855 1256 954 1088 1561 1162 1715 1197 1320 1094 1007 1383 1119 1190 1148 1373 1294 1211 836 1139 1521 1515 1397 1006 818 1123 1372 1388 1425 1222 1047 1717 1222 1373 1363 1618 1532 1155 1464 1282 1305 1845 1441 1449 794 1160 1289 1421 1137 1193 1403 1135 1379 1122 1215 1268 1463 922 1500 1868 1442 1307 833 1264 1411 1531 1259 1588 1154 965 1292 1212 1303 1308 985 1191 1165 1907 1124 1802 1068 1346 1087 695 1230 1532 1450 1734 1327 1730 1105 1637 1512 1351 766 1473 1406 1571 1494 706 1261 1499 953 747 1222 1386 1159 1296 957 1193 865 1529 1639 1434 1474 1439 1011 1510 1287 1251 1335 1272 1105 1568 844 1478 1083 961 1204 1338 1402 1516 1073 1156 1434 1229 1021 1207 1647 1335 1082 1190 1448 1305 1351 1087 1369 892 1499 1538 1359 1260 1202 1338 1250 835 1266 845 1214 1370 1816 1448 1551 1530 1538 1490 1291 1165 1403 1134 1219 1305 1546 1039 1493 1236 1103 1361 1188 1224 1318 1581 1269 1034 1089 1372 1060 1187 991 1304 849 1601 1607 1409 1250 1304 843 1524 1325 1313 1517 1370 1138 1404 1119 1595 1107 1465 1363 1547 1579 1391 919 1188 994 1422 743 1621 1184 1499 1398 1501 1447 1308 1468 633 1480 1364 1751 571 1112 1290 1232 1230 1006 1285 1260 1613 1313 1536 1605 632 1042 1877 1181 1057 1358 1586 1280 1870 1207 1402 1354 1278 941 1325 1187 1036 1179 1476 1055 1766 1762 894 1211 1329 2039 1304 856 1349 1360 987 703 1085 1241 994
1078 1065 1089 1620 1123 1274 1069 1294 1043 694 804 882 1090 384 1425 0 1027 1254 951 1031 1074 1243 1230 852 1089 629 692 534 1121 604 1187 502 978 942 987 726 745 1203 1004 601 527 997 816 728 1054 957 687 706 879 1190 1493 859 1125 1258 747 1417 1154 815 894 1369 864 855 1538 982 842 1316 1227 1085 1104 265 578 1027 683 787 793 577 488 914 953 1011 568 775 904 1413 955 840 813 706 1118 1297 492 940 978 786 1030 1144 889 909 930 534 1256 1221 718 1500 752 879 816 927 914 1253 1272 1267 1550 1052 805 1262 1167 1004 1076 915 1127 1271 1585 938 999 604 933 827 1229 1339 897 1043 1267 1258 1097 1229 1069 1020 1155 744 740 615 774 994 865 1213 979 841 1076 1159 1268 983 866 711 862 958 944 885 539 1320 892 1341 1310 873 1314 890 791 776 446 909 688 1202 1093 825 1033 1030 307 1085 635 1032 966 1155 952 889 1368 1103 784 920 1289 1116 992 260 1442 1173 1025 958 1246 535 1438 962 782 898 1131 790 1086 1037 932 1317 432 989 365 629 1150 1004 1085 1023 939 967 878 1030 1002 1011 745 1056 1022 996 994 974 819 1067 974 1317 1044 1011 1139 1142 1154 1059 815 894 954 1354 810 804 847 893 737 666 613 916 1106 950 1451 854 1173 523 519 672 1221 1132 1003 1342 1137 758 1019 942 822 1639 1138 1175 871 1050 881 1510 1028 915 885 774 1224 904 857 806 666 1337 1189 1258 1633 1126 501 969 1495 753 1015 444 1231 858 1013 1308 811 1179
859 1232 1189 1365 1146 1379 1465 1775 1203 977 1283 954 387 891 1497 1027 0 1269 696 958 919 1271 1129 748 1146 727 955 493 1032 1094 1323 1009 1084 1069 768 1216 590 653 1104 1070 816 1366 831 1208 992 995 1405 938 887 1275 1590 997 1292 1246 979 1441 1112 1305 818 1276 921 1055 1406 1052 776 1476 1583 1257 1085 772 1296 1108 1162 686 937 1067 1206 1041 1092 895 1075 991 1374 1676 831 778 834 1196 1480 1196 843 1264 1078 814 1281 1122 1033 990 1054 1041 1245 1396 617 1586 876 817 936 860 1038 1268 1396 1205 1000 1559 1037 1544 1153 1420 1057 1405 1142 1463 1348 849 1250 1111 714 1038 1207 1677 1148 881 1248 1171 1020 1461 1571 1143 1031 1251 860 1122 1264 912 162 1296 1391 1274 999 1111 1238 1252 1256 809 1281 1448 1184 1005 1046 1309 1304 1209 1501 1380 1225 1057 1298 1080 953 1033 983 1183 992 1176 986 929 814 923 721 904 1133 1136 1215 841 1489 1089 1073 1064 1770 961 1159 767 1483 1203 893 849 1350 1068 1562 707 574 832 1031 1055 1293 1123 1136 1389 939 916 872 1119 1161 1030 1140 1530 996 1241 1385 775 1198 1501 1156 940 1061 841 1094 1165 986 1203 1262 1466 920 1311 1050 1127 999 1328 843 1030 812 1084 655 1311 1059 1244 881 1135 1120 988 951 1073 1618 926 1072 812 870 1162 1180 1241 903 1096 919 1265 1526 923 513 1574 1038 920 747 1350 978 1616 1056 791 809 1107 1296 780 1054 705 1156 1650 1057 1315 1865 1049 1008 1075 1581 1028 1211 951 1643 1270 994 758 1002 1149
508 1108 490 1287 131 1229 1136 1239 1053 653 811 1129 1332 1047 1533 1254 1269 0 776 834 1033 1325 983 802 929 995 894 776 1000 823 1245 891 577 809 707 1092 704 1066 405 734 876 505 770 683 902 1072 1122 925 961 1389 894 1328 1034 744 966 1149 724 923 694 369 771 1028 1200 981 690 1326 735 878 990 989 833 600 690 608 660 796 923 837 954 824 1099 891 693 1450 539 688 773 821 1140 925 903 1194 411 868 1143 714 868 482 773 1149 801 868 677 1324 971 727 990 838 809 253 1251 1115 1413 1064 1024 1274 1063 407 968 1134 127 1413 1130 849 1005 1135 653 1016 799 1558 1010 955 1153 1356 1008 1013 1167 999 561 1199 914 1059 889 841 1107 794 1046 1070 987 1033 1179 990 769 1016 473 1066 948 1035 715 865 828 1370 1265 381 1225 799 1216 1245 889 929 647 1088 721 1133 825 989 1028 913 989 923 875 1114 1049 955 1476 999 1133 787 1244 1075 697 994 676 1177 1382 725 1189 1224 1281 765 842 746 881 583 875 1190 887 1060 1095 792 1028 744 1103 959 935 662 846 771 1321 697 1006 1126 648 779 1008 955 395 751 862 1125 1250 799 450 586 1018 142 753 661 897 952 886 1394 769 1231 988 1132 716 723 1222 1083 898 929 1360 1101 926 872 930 787 982 542 832 1382 570 926 666 901 781 1521 888 886 623 547 454 1127 1110 641 685 1084 1391 656 914 765 781 1288 1218 1165 1637 990 872 586 1648 712 1019 1178 1133 862 972 1171 914 1090
843 840 521 669 653 901 987 1232 737 521 679 738 759 859 1225 951 696 776 0 744 589 793 559 270 816 322 699 865 489 691 993 703 798 762 752 1002 260 830 626 602 486 797 581 856 662 665 1125 707 557 883 1115 1087 900 898 748 1173 974 902 538 861 639 856 1428 431 446 1010 1027 912 755 750 1006 412 558 356 723 664 926 734 614 588 832 661 915 1248 563 448 578 689 1142 737 513 871 632 336 803 964 804 294 724 1009 915 1095 287 1306 769 487 458 530 931 775 1087 875 1162 1185 806 975 626 1057 727 1002 649 985 1236 519 772 868 698 708 972 1347 670 1058 918 1241 700 1230 1308 773 763 955 382 1100 757 605 534 948 951 1084 679 781 918 807 560 240 951 1045 706 527 739 979 826 1014 1030 822 895 665 1109 1004 757 797 515 853 533 846 679 599 792 1100 328 574 741 806 751 511 1455 690 743 850 1227 631 767 745 1153 873 1245 635 1043 1000 1232 11 244 502 580 451 986 730 652 872 907 702 840 612 831 453 810 1138 714 801 1189 79 936 994 460 633 551 511 616 835 594 873 942 1020 652 1022 507 634 669 882 365 700 482 996 325 1043 752 914 667 667 986 648 621 743 1226 710 502 482 540 655 850 763 596 984 791 1037 1142 593 183 1244 587 224 533 1061 322 1315 578 509 529 777 956 500 662 375 649 1358 1081 1033 1567 729 740 807 1188 580 949 929 1165 792 664 920 672 829
772 696 649 1275 703 1142 938 1199 667 337 799 998 1021 683 1414 1031 958 834 744 0 813 1074 969 683 810 721 869 1045 741 684 690 839 372 389 922 342 484 457 564 430 656 841 751 596 658 889 869 563 842 1169 1053 801 756 779 604 905 601 850 282 949 385 712 1213 372 446 940 1071 740 871 776 746 588 678 388 401 657 670 361 773 215 728 825 706 979 295 444 748 637 1017 913 683 585 570 617 918 591 497 470 882 533 733 858 457 1050 625 483 495 719 787 833 988 871 804 1223 662 1243 724 791 916 995 707 1128 1051 730 683 764 868 897 676 1419 785 685 1034 975 549 1026 944 628 495 955 571 1089 791 232 796 829 848 841 570 813 767 704 757 803 1053 993 884 426 745 797 909 1238 978 942 791 521 790 776 585 625 343 969 709 1016 216 769 818 727 715 859 553 995 1005 735 1293 660 889 528 1204 855 623 771 1073 1113 1164 109 580 714 970 753 622 502 477 571 613 769 600 1048 731 42 702 646 995 350 816 1107 460 698 1017 685 960 1028 636 170 785 735 554 685 450 570 791 958 384 599 759 722 893 820 646 397 767 888 549 1105 379 672 345 495 613 1088 675 558 1082 1026 912 652 710 603 908 701 223 883 729 730 1111 782 561 1298 484 874 211 638 442 904 859 255 273 475 1396 244 518 545 683 1114 1100 779 1294 578 581 363 1227 408 973 782 1233 875 853 562 572 678
912 1021 813 1113 910 1272 1105 856 361 824 1028 1092 982 938 1448 1074 919 1033 589 813 0 1164 759 641 977 620 768 1088 113 848 1062 1056 900 737 821 1071 329 1001 728 917 555 906 650 1101 411 604 1194 888 780 512 1217 711 1081 985 929 1296 949 830 607 1148 643 1037 1410 807 627 634 1136 1191 978 819 1085 856 907 425 453 821 995 765 917 759 892 884 1099 1613 686 625 647 930 1341 935 582 1012 702 707 1106 939 528 738 947 1088 969 1104 356 1375 881 586 829 753 719 1032 1302 974 1348 1355 987 1437 250 1139 950 1159 906 922 1249 742 1052 928 767 931 1024 1570 973 1002 1141 1295 862 1370 1377 397 886 1136 753 1169 708 776 757 1035 1015 1019 883 850 1022 871 1025 702 1020 973 1077 898 808 1033 1042 581 755 782 1118 846 948 628 1000 1038 830 1076 731 915 850 668 861 960 614 797 922 1029 1028 580 1383 314 812 580 851 700 948 814 1207 941 897 704 1214 1085 1455 591 467 683 658 895 961 739 925 1261 986 771 919 853 1054 785 983 1399 568 678 1432 523 945 945 904 804 800 78 718 904 775 942 826 1090 775 992 131 921 723 952 736 769 705 1009 264 1213 923 925 509 982 791 1126 690 467 1038 1064 702 551 609 896 1073 865 767 997 861 761 1395 816 406 1313 651 813 602 1031 766 1393 949 646 598 846 1434 569 795 444 816 1166 733 1037 1666 833 745 909 1197 887 932 960 1381 1008 887 1106 741 933
1130 1375 1025 1440 1202 1022 1108 1469 1508 1055 1032 1301 1107 953 1422 1243 1271 1325 793 1074 1164 0 1179 523 1013 972 986 1120 1260 1161 1334 845 1106 1017 1039 1295 835 1101 920 962 786 1435 868 1149 1237 1240 1490 1016 828 1520 1409 1420 1334 1233 1057 1474 1229 1372 1113 1410 1282 1165 1757 1016 1021 1781 1488 1360 952 988 1299 1183 1028 931 1195 1134 1389 989 735 859 1030 932 1423 1369 1172 1023 865 1159 1421 1441 751 1229 946 457 924 1219 1226 1065 995 1103 1176 1455 862 1813 1078 1062 579 727 1240 1324 1208 1450 1359 1459 1115 1647 1368 1361 924 1472 1198 1106 1357 716 893 994 985 905 1233 1544 791 1328 1115 1407 897 1539 1649 1357 1363 1351 503 1338 1213 860 1109 1283 1198 1469 876 970 1115 1119 1209 1033 1251 1383 827 648 977 1240 947 1416 1626 1311 1092 1099 1230 1337 1117 1235 1049 1050 1237 1030 950 1174 1030 1370 966 845 1023 1003 872 1086 1793 1304 1043 1289 1464 1206 1201 983 1696 1056 1428 1183 1314 1034 1503 782 819 1077 1031 1135 1241 1090 1248 1643 905 1116 972 1082 1102 994 1007 1259 1357 1252 1408 850 1057 1450 1088 904 1224 1086 930 1305 1129 1214 1139 1334 1261 1333 1278 1183 1244 1028 486 1041 753 1117 900 1211 1007 1152 1242 897 1241 1391 1196 1287 1660 1329 1122 782 724 1125 1425 1077 851 1105 1105 1459 1263 790 758 1819 1038 1017 1108 1372 1093 1555 699 1152 1104 1209 1699 1075 1088 950 1105 1596 1264 1393 1688 926 1210 1097 1548 1114 1070 1167 1286 913 861 1117 1142 1026
877 1122 966 1228 860 1287 1100 1389 858 966 1119 849 1192 1094 1169 1230 1129 983 559 969 759 1179 0 788 760 830 733 867 646 919 1218 957 980 873 786 1181 539 969 927 1047 711 1234 615 896 670 944 1302 763 547 1224 1277 1167 1054 1141 804 1346 1085 1089 763 1098 932 912 1367 990 879 1131 1420 1206 699 975 1046 857 998 581 948 892 1136 901 994 942 1111 651 860 1625 842 881 612 1021 1168 1091 738 1226 933 722 1071 1075 787 739 742 1244 1194 1035 512 1531 825 845 844 474 978 730 1345 1233 1106 1586 862 1394 509 1007 671 1230 856 1181 1523 463 1025 1147 732 652 1160 1291 938 1075 862 1277 644 1180 1396 656 1042 1219 768 1325 967 943 967 1191 1010 1090 623 1006 862 866 671 799 1176 1232 1092 913 964 1258 1175 1177 1014 1110 839 819 1322 1084 1156 982 960 797 887 1071 1033 824 1017 1117 824 592 895 750 993 790 1595 573 968 1075 1384 910 717 970 1405 863 1235 860 1303 944 1250 570 677 935 1042 896 1042 1079 1026 1284 1073 927 1075 944 849 1012 754 1139 1007 937 1155 638 997 1204 792 987 1010 790 917 1060 876 1098 886 1321 931 753 628 871 948 1183 751 925 500 1382 604 1397 1090 1139 892 1112 1247 759 900 726 1380 821 57 707 765 987 1002 1064 934 1370 1092 1020 1143 537 616 1523 1049 335 758 714 767 1530 964 802 754 1056 1067 725 944 600 981 1381 1071 1326 1616 673 968 989 1537 1025 1010 1154 1514 1141 608 864 897 773
739 984 502 917 679 631 717 1078 985 699 641 910 716 610 1031 852 748 802 270 683 641 523 788 0 622 449 595 729 737 770 943 454 589 626 648 952 312 710 397 792 395 1044 477 758 714 717 1099 625 437 997 886 1029 943 842 666 1083 838 889 590 887 759 774 1366 625 498 1258 1097 969 561 597 908 660 637 408 672 743 978 598 344 468 639 541 923 978 649 500 474 768 1030 918 360 838 423 66 533 828 835 542 604 760 785 1064 339 1358 687 539 188 336 849 801 817 927 968 1068 724 1245 874 970 533 1081 675 715 966 325 502 603 594 514 842 1153 400 937 724 1016 506 1148 1179 865 849 970 112 947 822 469 586 892 807 1078 485 579 724 728 818 510 860 992 436 257 586 849 556 1025 1223 920 701 708 839 946 778 844 705 659 714 639 559 651 639 979 443 454 632 612 481 563 1402 811 652 799 1073 683 810 592 1205 665 1037 687 923 787 1112 259 296 554 640 699 850 699 857 1120 658 725 591 691 711 603 616 868 834 737 1017 327 666 1059 697 513 783 563 407 887 738 823 748 811 738 816 755 660 721 637 95 650 362 726 377 820 616 761 719 735 850 918 673 795 1269 938 731 391 333 734 902 554 460 714 582 1068 872 399 235 1296 647 494 585 855 570 1139 308 629 581 818 1226 552 778 427 714 1205 873 1002 1297 535 819 598 1157 750 679 776 895 522 470 726 724 635
421 891 824 1475 806 1121 340 1245 985 841 527 901 1060 807 855 1089 1146 929 816 810 977 1013 760 622 0 847 545 679 952 539 1018 791 842 685 598 1015 710 781 739 922 885 890 427 730 848 788 542 597 409 1395 963 979 951 1002 638 1197 813 706 688 1044 703 746 1435 482 792 1258 660 1040 61 824 709 578 406 784 807 512 741 713 629 595 911 513 1091 1449 701 794 424 537 1002 1113 850 855 745 556 818 803 799 670 576 957 945 1266 715 1456 659 833 678 286 544 928 1179 1166 918 1353 696 1228 815 942 357 850 802 1162 1263 297 616 875 544 338 888 653 685 887 224 1089 456 1120 1087 668 901 913 602 1174 605 612 984 1052 250 855 435 1069 674 106 795 929 993 849 775 747 859 1009 723 863 1026 1014 673 716 1124 896 1015 816 835 159 909 1009 686 851 866 929 841 426 746 436 805 961 1259 751 1142 934 1240 1081 818 829 1129 725 1097 719 1050 630 1084 827 694 848 333 513 909 1107 795 1038 759 786 826 460 683 460 6 1192 778 554 841 885 831 842 836 640 1043 961 729 930 645 898 698 1133 790 996 934 817 1119 890 585 725 334 1212 775 1105 759 768 751 904 993 991 1071 738 1277 929 703 881 823 503 1103 876 603 1204 904 1032 1196 223 633 1468 326 981 617 957 642 1068 798 573 679 869 1299 650 713 627 497 743 933 1035 1450 485 588 833 1565 900 844 1013 1062 689 294 676 767 585
874 890 826 991 872 1080 1166 1234 981 384 862 1060 790 704 1256 629 727 995 322 721 620 972 830 449 847 0 730 864 733 874 1024 822 824 906 783 979 291 990 846 465 517 639 612 698 571 696 1044 749 588 561 1265 1189 950 740 790 1116 949 1068 569 977 738 866 1526 753 355 1254 869 645 786 585 848 717 741 387 747 847 938 878 793 748 863 692 1075 1427 506 357 609 872 1043 897 544 549 842 515 982 939 835 599 755 854 797 773 318 1320 687 396 637 561 849 994 893 784 1193 1027 848 817 732 974 758 1185 868 1082 1126 550 921 899 729 739 854 1378 849 1162 949 1345 731 1081 1339 751 706 864 561 935 940 749 565 790 1097 993 710 772 949 953 801 82 982 1211 885 570 658 861 1005 1045 872 763 926 715 1111 1106 620 530 378 884 693 877 839 630 627 1138 6 605 791 837 918 542 1386 668 774 620 1239 662 817 590 1184 904 1033 666 1203 881 1263 333 153 411 848 634 1130 408 494 1177 752 679 685 795 862 775 841 821 813 916 1052 401 995 1177 765 793 393 542 856 866 644 904 973 1230 595 1051 751 883 700 987 544 731 513 1039 356 1124 781 636 698 530 943 970 503 774 1276 1032 773 513 571 838 759 1003 740 1027 1001 1060 825 624 214 1126 855 546 564 1090 571 1356 757 608 560 808 1278 531 712 406 832 1206 1112 1132 1628 760 821 815 866 313 1008 774 1344 971 695 951 703 860
386 830 797 1368 771 1094 885 1311 1114 866 675 874 1092 546 954 692 955 894 699 869 768 986 733 595 545 730 0 652 881 687 886 664 884 658 295 888 439 754 712 773 611 1145 124 703 942 844 1087 570 382 1124 1062 952 748 621 611 888 716 898 663 1009 832 719 1293 706 779 1387 1135 1013 484 427 853 933 554 481 848 660 943 686 261 775 730 486 1064 1393 742 781 121 685 975 819 638 1112 718 529 338 706 753 818 549 696 564 1269 412 1201 632 820 651 259 794 893 1128 1208 891 985 669 1195 909 905 456 998 767 1135 893 270 307 766 241 437 621 1076 205 860 647 1062 429 1093 1169 762 871 906 575 777 753 792 867 671 795 988 408 906 647 651 768 812 690 909 841 720 701 628 721 962 1112 1021 646 513 756 869 618 789 860 582 787 971 866 548 469 902 724 399 437 535 260 690 1319 845 868 975 1306 810 615 432 1207 698 1070 760 1110 723 1057 710 577 835 557 661 882 904 734 1309 594 827 527 608 656 684 539 647 907 762 940 778 804 990 889 820 910 690 702 869 584 766 671 1106 831 1111 899 782 810 554 510 593 307 907 504 737 939 1039 792 838 785 964 800 692 1074 902 676 607 665 651 900 849 783 919 877 920 651 322 516 1423 564 923 658 1150 790 1292 771 702 654 956 1272 625 652 324 645 1166 906 919 1423 458 663 893 1362 925 817 616 1128 755 393 649 706 558
796 1063 931 1534 653 1228 1019 1308 1057 708 818 896 556 398 1088 534 493 776 865 1045 1088 1120 867 729 679 864 652 0 1135 618 1201 516 992 792 705 740 759 888 846 615 541 1011 534 837 1068 971 1194 704 516 1413 1196 873 1123 1193 745 1415 1004 829 956 861 1059 853 1552 980 856 1330 1241 1099 618 279 987 1041 697 801 807 591 1022 820 913 966 582 620 918 1427 969 854 531 720 1109 1229 506 954 852 663 990 994 903 923 683 548 1136 1235 732 1514 766 893 785 393 928 775 1286 1281 1025 1066 803 1276 1181 1049 590 929 649 1269 1454 404 959 618 651 571 1079 1210 857 994 781 1196 563 1227 1083 1034 1083 758 709 629 788 949 331 1227 929 855 542 1173 781 785 880 946 876 972 958 854 553 1200 906 1096 1345 887 780 888 805 790 460 923 702 716 1107 839 1057 958 321 1036 858 533 964 669 912 903 1382 1117 798 934 1303 1130 990 274 1198 832 1039 972 1244 575 1191 876 743 912 1012 804 1016 1260 967 1331 446 1003 379 643 790 1002 673 1037 1134 981 892 944 938 1025 759 1011 1215 1010 836 988 817 1081 805 1240 972 1025 1153 634 1168 1073 692 908 441 1319 824 818 861 907 751 680 627 930 1120 964 1449 868 810 537 533 686 1235 983 958 1311 1011 772 1033 456 682 1575 1005 1088 885 1064 895 1524 905 929 947 814 1238 918 871 734 680 1300 1040 1326 1557 592 515 983 1718 767 951 458 1245 872 527 783 825 692
1025 1015 700 1000 877 1368 1080 743 248 711 915 1205 1095 985 1561 1121 1032 1000 489 741 113 1260 646 737 952 733 881 1135 0 735 999 1034 787 624 934 999 442 888 615 804 664 793 763 1095 298 717 1105 830 893 625 1104 598 1049 924 871 1224 836 717 601 1085 530 947 1523 803 514 521 1023 1106 1013 866 996 743 794 538 340 708 906 652 804 646 779 997 1030 1500 614 512 760 817 1252 1048 629 899 589 803 993 826 415 625 964 1056 968 1179 469 1369 768 473 925 866 606 999 1288 861 1235 1242 929 1452 137 1026 1063 1046 873 809 1286 855 962 815 880 1044 911 1470 860 889 1176 1369 895 1257 1347 284 814 1023 849 1154 595 663 870 974 990 906 874 752 1007 846 912 729 1129 860 981 857 813 1032 929 694 642 669 1211 814 1061 515 959 925 717 1111 844 962 737 781 908 847 727 814 890 1142 1073 693 1270 201 921 467 738 604 916 861 1320 1054 1010 632 1101 1162 1401 478 580 570 771 782 848 852 919 1203 1033 699 966 740 1071 781 958 1286 455 565 1391 410 1039 832 791 691 913 191 605 1004 769 1001 713 977 703 1014 18 858 836 839 832 828 818 1122 377 1100 810 812 396 869 678 1137 803 354 1151 1177 589 660 656 783 1186 752 654 1110 748 648 1282 929 519 1426 764 713 530 1053 653 1337 1045 574 592 959 1445 563 837 557 703 1053 846 924 1603 924 632 796 1310 774 1045 847 1268 895 1000 993 854 918
870 515 624 1202 700 1169 667 864 929 568 254 696 707 458 1162 604 1094 823 691 684 848 1161 919 770 539 874 687 618 735 0 637 576 757 392 779 663 715 752 670 593 611 993 608 623 715 407 869 156 568 1276 1159 943 575 793 197 867 604 211 513 908 647 305 1341 432 519 1202 987 599 590 339 773 515 133 619 395 27 863 364 426 510 642 672 798 1018 557 521 605 156 1020 840 576 880 644 704 615 594 491 397 701 608 736 1096 688 1080 218 560 707 467 380 822 738 785 1099 1051 255 1246 682 732 664 365 696 721 1054 456 546 678 725 523 679 789 482 835 753 708 637 679 789 622 757 818 750 689 224 493 932 843 577 815 616 697 812 433 684 831 905 354 394 705 613 800 342 816 797 869 832 340 865 860 530 375 562 688 636 909 601 1000 381 793 868 585 416 743 947 963 764 618 868 522 859 1066 442 344 892 623 828 575 696 635 1209 680 721 575 581 240 616 731 419 975 506 642 439 79 600 454 535 1097 722 363 962 612 452 461 563 555 667 926 660 554 269 517 855 786 646 905 753 681 982 509 675 344 493 1174 747 878 640 867 339 528 697 786 777 552 901 724 862 607 603 122 727 807 502 1162 803 724 1093 530 782 1089 588 801 473 944 369 1289 946 517 504 860 1094 475 337 776 116 992 664 762 1083 666 103 748 1189 592 465 528 681 308 601 857 391 766
