300 999
0 870 1377 1036 886 483 858 1063 693 1092 912 1404 1060 848 1199 918 1092 733 978 1071 1685 1061 972 1396 1140 1146 928 1317 783 871 1287 1310 1334 1024 751 1096 904 416 1104 888 338 993 876 1126 1100 1474 1062 1156 997 1489 999 872 843 985 598 726 928 1075 939 735 1098 1204 1252 1052 1060 797 1625 1054 965 1145 1083 465 618 1098 554 1020 622 1769 646 1310 891 1097 959 571 1034 1068 932 809 249 1190 650 913 740 1141 601 1019 1110 675 862 1189 857 703 1180 1181 1102 752 380 1067 1442 522 1049 957 1049 765 1095 850 947 813 727 814 1041 1182 1470 484 1108 764 806 919 1267 1218 915 838 1196 916 1149 804 891 948 810 1103 1153 1769 1093 780 650 1187 786 942 1129 703 1020 104 1058 1041 1221 1008 883 878 1033 967 365 847 988 207 439 1254 1281 742 1247 1230 781 840 2013 886 694 1086 862 1077 866 811 1170 1222 928 1193 1093 1270 1129 1219 1276 796 927 1143 1153 410 909 876 693 911 675 1091 1402 789 1231 1137 810 919 659 1000 886 743 854 1109 931 747 965 1148 661 1174 1066 1015 1082 1042 696 687 307 983 997 1155 1181 991 970 1013 775 982 778 583 1602 1394 635 777 1124 961 1024 855 1095 1020 940 803 828 1094 1279 981 922 509 752 922 1100 932 1263 1104 1243 1151 812 1053 1175 1042 810 785 883 693 1107 1330 1033 800 977 581 488 932 1209 682 1343 689 719 798 1156 832 989 976 805 1644 537 1092 742 394 962 1343 1411 1151 997 1216
870 0 1076 445 850 387 627 573 967 706 635 1103 600 1066 1084 643 726 1002 1040 876 1408 724 949 1161 1078 729 677 990 710 441 1297 1051 1035 1053 966 994 1022 872 674 947 656 936 358 851 670 1401 1137 701 507 1466 810 550 353 619 704 986 907 540 334 217 608 834 888 686 908 1227 1529 1372 792 728 1032 540 252 1068 769 665 925 1251 618 1176 743 667 688 523 516 642 341 796 911 672 284 830 354 1126 663 653 592 935 496 880 690 291 947 815 904 763 714 676 1030 856 882 764 644 247 899 737 356 447 267 844 1002 829 980 940 995 765 799 896 1116 758 503 831 760 456 1111 801 831 531 824 880 902 1739 727 752 220 936 374 956 1204 918 780 766 692 655 1209 662 365 360 603 562 629 525 676 663 664 1045 1093 224 1115 1169 263 1104 1596 807 176 691 804 882 649 1085 686 762 736 908 1166 904 743 853 1087 914 739 552 889 728 650 877 768 524 881 869 1619 377 928 825 839 1061 993 510 673 331 468 806 1006 381 599 955 921 804 807 730 823 507 503 1102 698 493 1020 779 922 1209 604 1030 679 570 288 730 1274 1460 858 681 738 798 1134 580 1071 997 745 690 310 949 962 958 637 827 895 492 1072 1149 500 887 826 718 623 623 625 825 900 1176 517 670 678 1051 1092 340 591 796 517 730 691 900 1154 918 794 998 1118 643 560 787 287 1455 855 743 252 600 985 853 1087 834 712 787
1377 1076 0 1070 790 1111 1169 1118 1296 999 1177 27 476 1202 1594 1185 955 1212 1282 1168 1950 1434 405 1728 1354 665 617 1626 1039 1165 1371 482 839 1323 1258 1589 1605 1410 1053 1489 1039 1048 1082 1386 1285 1730 1290 951 1079 1480 1352 1274 925 1201 1246 1080 1449 1135 973 859 1203 1127 960 1315 1413 1165 2128 1755 1334 664 968 1149 976 1035 1115 957 1090 1975 860 1534 1225 1046 1398 1233 1158 1281 966 736 1250 1396 1008 1267 1064 1191 905 1212 1076 1029 1141 1286 1232 833 866 995 1414 1254 1165 862 1572 1307 1292 1306 1136 971 960 972 951 1171 809 898 1361 1122 1575 1478 982 1337 739 910 1600 1015 1045 771 1332 998 1148 741 1200 861 1325 1008 842 1706 1204 994 944 876 916 1193 1294 1210 527 1273 1251 1365 1728 1108 849 1002 1327 1134 1012 1249 1178 1376 1363 1645 1523 948 1630 1083 987 1393 1532 980 900 1263 1346 1366 1188 1414 1162 1011 1118 698 1245 1463 1253 1435 1623 1497 1281 1147 1418 1111 590 1165 921 1066 1264 1359 1648 919 1553 1255 1109 1360 1207 1082 613 873 978 1431 1492 1105 1323 1497 1015 1193 658 520 763 1102 1045 1644 1307 1065 1312 1374 862 1223 1328 1389 1278 1112 860 1206 1194 1734 1167 1405 1031 984 1495 1122 1032 1011 877 1019 952 1414 1202 972 577 1210 1537 1216 1314 1286 1254 1074 762 656 1165 809 682 1012 1498 1266 1241 684 946 1555 1453 882 1090 1088 1172 1285 1315 1036 1618 1085 1403 1194 1155 1185 1064 1008 1011 1761 1238 892 824 983 1277 1169 1264 1074 502 1291
1036 445 1070 0 997 829 1072 1018 1238 865 1003 1043 1045 756 1529 837 1014 1196 1484 761 1776 920 1128 924 841 724 935 1050 981 682 1080 1285 805 838 1184 757 799 1241 811 783 1095 1182 803 1038 453 1672 1295 997 923 1911 918 490 769 1064 652 809 823 303 111 662 371 993 983 481 1115 1095 1387 1647 1006 723 1027 969 697 926 1010 972 1183 1696 1063 1284 542 804 1133 741 723 419 104 997 787 892 729 723 799 1060 1108 450 1037 758 671 643 948 736 758 676 1178 1013 932 1086 1475 1074 1140 755 1089 692 839 1048 119 892 712 1159 1110 988 743 1173 839 1210 994 1320 1350 1077 948 962 1176 832 1349 996 1080 920 1024 876 710 1597 760 979 665 744 819 892 1173 892 543 932 489 989 764 425 810 567 1048 1007 1074 465 446 1035 811 1149 1176 669 912 1440 708 1418 1591 746 621 900 854 1033 899 1356 1070 1081 506 973 1155 701 1188 1298 1195 691 919 315 1015 1136 962 1065 1074 830 1159 1279 1806 822 691 595 624 855 973 783 985 776 913 569 1371 826 824 946 772 359 1041 903 1101 270 715 1512 1127 800 905 542 873 1102 924 1138 537 1015 733 963 829 1613 833 1123 897 1101 970 774 929 1442 1052 1001 617 1057 725 1403 960 1266 1246 937 1299 1336 945 661 821 1039 731 1068 388 723 677 1325 962 1115 441 814 928 785 980 1014 946 611 1136 793 1222 1289 744 1180 1342 711 323 628 732 1563 1248 744 697 1045 870 1160 1434 597 885 550
886 850 790 997 0 885 1089 728 1088 609 964 817 396 412 1459 901 741 998 846 778 1737 1127 662 1338 918 451 227 1197 874 939 981 601 625 814 660 1306 1114 1031 663 1098 548 747 761 996 910 1290 748 561 914 1179 1096 1047 845 811 971 290 1138 760 900 715 974 737 736 925 1199 951 1738 1264 1043 450 754 713 750 645 463 567 700 1749 424 1261 455 656 1059 926 1014 1208 893 346 814 878 782 477 757 977 469 1053 712 239 994 896 935 753 652 781 1147 890 775 472 1317 917 902 902 746 650 746 807 878 945 729 508 878 732 1346 1099 592 1031 349 609 831 625 944 381 1252 918 847 351 810 647 761 618 452 1316 907 558 718 486 836 629 1080 612 1230 782 1092 1058 1130 572 485 858 1078 828 575 1023 897 885 1117 1209 1087 627 1156 869 761 1050 1318 927 674 957 990 1002 798 1206 812 621 837 484 1488 1207 1118 914 1350 1006 1055 1074 628 589 200 785 485 986 885 969 1258 839 813 865 719 828 1054 1002 177 793 843 935 1179 752 970 1093 225 803 357 306 373 727 965 1287 871 985 922 719 472 555 1102 850 888 1032 754 416 893 1520 980 1179 641 770 1105 952 642 710 487 854 808 931 988 671 213 719 1147 990 878 896 953 684 548 442 909 419 1147 622 1020 1052 616 383 732 894 1063 802 724 490 736 947 1094 246 1404 871 657 878 854 929 674 967 690 1371 747 1083 744 604 887 955 974 860 288 901
483 387 1111 829 885 0 662 608 1002 741 652 1138 635 1077 1119 678 609 1008 1075 911 1425 578 984 1213 1024 764 712 1025 745 388 1244 1086 1070 1088 849 1001 1054 485 621 854 613 883 393 886 617 1434 1172 712 542 1501 845 585 388 502 739 955 814 592 721 252 615 830 923 569 943 1262 1142 1277 705 763 970 575 135 681 652 700 832 1286 653 1211 725 614 723 558 551 1029 725 831 524 707 167 865 389 1118 698 536 627 904 379 826 597 326 964 698 939 705 749 623 1065 891 789 799 679 282 934 772 710 330 302 879 1022 864 987 553 1030 800 834 931 1151 793 538 866 795 491 1146 836 866 566 859 915 937 1352 610 787 167 971 409 980 1239 801 1134 379 575 647 1070 608 400 395 550 597 640 560 711 276 699 928 1050 259 998 1204 298 1115 1631 842 211 726 609 917 684 1120 721 797 771 943 1113 787 778 736 1122 946 674 906 772 685 685 912 803 559 916 904 1654 412 1083 823 874 1017 1028 545 708 366 503 1190 1041 264 482 990 890 691 842 765 858 559 538 756 582 528 1055 1133 841 1220 487 994 292 605 323 765 1161 1495 893 294 734 833 1041 615 684 1032 780 725 345 984 905 993 672 784 930 439 1107 1184 887 905 764 753 658 570 979 860 960 1060 400 705 624 997 999 375 626 679 552 613 726 911 1189 801 829 910 1153 678 506 740 322 1490 812 778 287 635 1020 888 1122 777 747 733
858 627 1169 1072 1089 662 0 696 1012 967 728 1196 693 1111 1345 736 1001 1095 1163 1151 1501 985 1223 1504 1235 1004 916 1183 755 716 1362 1272 1158 1191 678 1393 715 1066 949 515 701 1087 633 944 945 1446 1306 794 630 1740 903 825 476 894 749 1031 475 883 961 410 1007 1095 1005 882 1101 1350 1804 1417 800 1003 1307 709 527 1328 875 940 927 1526 741 1269 866 942 949 784 709 879 968 1035 899 947 559 875 615 1278 786 928 867 980 692 1223 692 336 1040 1090 1160 808 864 883 1075 1006 884 809 767 522 1051 782 983 722 360 889 1095 1090 1379 1134 1040 888 1038 1170 1391 851 548 1070 883 549 1248 1040 954 806 947 997 1141 1999 1002 875 495 1129 419 1079 1156 970 1329 754 967 916 1488 983 640 553 878 685 674 800 799 857 908 1030 908 499 1187 1214 538 1149 1871 948 451 814 897 1127 694 1130 803 855 859 1155 1441 1109 999 1128 1180 607 832 1179 1164 773 889 970 937 617 926 1144 1712 422 1224 948 977 1186 1143 633 912 376 729 1308 1175 656 874 1000 966 1004 1046 977 1062 850 548 1147 551 616 1241 1406 1020 1254 879 1080 954 615 411 775 1474 1505 903 956 999 917 702 673 1331 1271 1020 735 503 1042 1031 1232 902 872 1156 767 1195 1242 1127 932 1101 841 716 898 1252 870 621 1029 792 944 887 1394 660 433 852 848 732 836 966 945 1247 998 963 1043 1241 736 903 830 562 1548 900 714 375 645 1206 976 1208 1043 977 1130
1063 573 1118 1018 728 608 696 0 1036 913 704 1145 669 1135 1291 712 947 1071 1109 1097 1477 931 1036 1450 1181 779 555 1129 779 662 1309 929 953 1137 1187 1339 851 1093 895 835 725 1063 579 920 891 1470 1228 770 576 1553 879 771 422 840 773 1018 875 829 907 356 953 1041 1029 828 1047 1279 1750 1441 861 778 1082 761 473 973 990 886 994 1472 687 1245 812 888 895 730 655 1015 914 674 1084 893 505 899 561 1224 732 874 813 967 638 1169 759 360 980 1036 1111 832 888 800 1099 1015 951 833 713 468 1074 806 929 668 336 836 1071 1036 1325 1161 920 834 677 983 1337 827 572 709 829 525 1221 679 900 752 893 946 780 1644 948 821 441 814 443 1025 1292 1117 1353 959 913 862 1657 929 586 499 824 631 698 746 745 884 885 1201 1162 445 1266 1197 484 1173 1646 974 397 760 873 1073 718 1154 827 831 805 812 1387 1055 950 1074 1156 743 808 1125 1110 797 528 946 859 593 950 1090 1586 446 1170 894 923 1252 1167 579 551 400 675 1292 1227 602 820 1024 953 950 685 634 701 796 572 1171 919 562 1241 1352 800 1161 825 1099 900 639 357 799 1221 1529 927 902 945 941 1022 649 970 1084 815 759 449 1018 1159 1045 541 896 1102 713 1141 1218 1073 956 876 770 692 747 1198 894 757 1380 738 757 911 1340 980 409 798 1017 738 812 912 969 1223 1022 1014 1067 1217 712 849 856 508 1524 924 812 321 669 1206 922 1184 1031 616 1076
693 967 1296 1238 1088 1002 1012 1036 0 1025 811 1323 1033 1264 1403 884 1341 1201 1407 993 1584 1043 1281 1622 491 1139 861 1438 257 1056 1377 814 894 1270 982 1056 838 1109 1289 822 993 1078 937 1092 1151 948 1414 1134 970 1840 1020 805 816 1152 760 1142 862 1001 1141 750 1193 1153 726 1195 1373 1327 1979 1367 864 1138 1442 1119 867 1031 839 953 991 1866 985 1386 930 1282 892 504 1008 974 1134 742 942 1251 899 1111 673 1445 1030 1114 1172 1091 1032 875 756 676 1123 1251 1223 1148 313 1106 1415 455 948 890 1107 826 1154 324 1119 1062 700 904 1212 1148 1565 1177 582 1228 739 1213 1683 1191 888 771 503 889 1396 737 1294 1146 1287 820 722 1702 1148 1119 835 688 759 1330 1279 788 1421 797 1153 974 1452 813 945 893 1218 1025 1014 780 1132 900 601 1188 1215 803 1292 716 878 1379 2006 819 791 1154 1045 1143 1034 118 928 1195 1174 1172 1026 1271 1062 1386 1297 730 980 1315 1462 1065 888 961 1219 877 1266 1355 1715 762 1288 1281 1056 964 592 973 911 716 787 1410 1477 996 1214 937 1077 1073 1045 994 1061 968 629 1380 1000 956 1137 1542 1160 1219 1219 1240 1129 955 751 1115 1543 1007 405 1296 1057 1257 1009 821 1028 1371 873 277 843 1159 1300 1344 901 822 685 1107 1395 1245 1467 1272 1236 1130 833 1053 1388 1210 716 1478 1132 1117 1033 1406 967 773 910 812 1096 953 1270 1098 1364 1271 1132 1282 1389 853 915 937 866 1665 850 1053 715 985 1102 1316 897 1172 976 782
1092 706 999 865 609 741 967 913 1025 0 975 1026 605 1021 854 925 950 1159 1101 938 1748 722 917 729 846 660 436 1224 862 378 1190 810 834 1142 1103 1298 1197 1226 872 997 993 1002 616 1121 607 1553 1008 460 837 1434 1006 822 693 919 1044 899 1037 823 754 571 912 128 874 1040 1262 962 1883 1709 1132 659 963 798 606 854 960 776 909 1605 679 1352 788 865 686 521 870 1062 761 555 1069 930 638 1074 352 1124 724 859 583 848 850 1056 1030 631 828 495 674 761 712 549 1188 854 983 446 645 505 876 889 776 801 607 717 1198 123 1284 1292 730 930 558 864 1107 750 843 590 1100 796 1102 560 798 773 852 756 590 1525 1081 813 574 624 714 984 1210 1046 1200 1120 898 653 1573 776 356 714 957 727 966 797 1016 1017 1018 887 765 482 1081 974 617 1388 1527 773 530 856 861 819 875 1143 950 746 1046 693 1234 950 513 1116 1283 1089 926 972 1237 1065 409 1119 639 864 975 998 1121 717 1146 1074 928 998 991 477 432 671 238 1226 1258 718 936 637 834 941 566 515 236 790 707 1377 956 460 864 1199 681 1042 958 1226 1033 910 628 1025 1102 1612 1010 1006 32 979 918 862 851 965 696 842 664 1145 702 926 422 1164 893 846 1133 1105 1139 893 757 651 819 602 1045 831 1103 1261 582 638 730 864 876 680 115 933 775 846 701 855 1350 983 586 1092 1109 839 843 655 545 1496 1192 539 592 937 829 820 793 574 497 1070
912 635 1177 1003 964 652 728 704 811 975 0 1204 701 1011 1353 418 927 777 1171 1047 773 978 1087 1512 1243 823 763 1191 554 724 955 1076 642 896 1167 1018 512 1057 936 312 574 881 641 626 953 1245 1362 778 638 1604 499 755 484 686 761 931 272 891 906 418 632 1103 981 688 859 1339 1746 1228 163 822 1062 823 517 943 970 865 290 1534 749 865 874 929 957 792 717 676 899 644 953 955 485 931 623 1285 794 553 857 880 697 1128 55 392 312 730 890 864 863 735 1131 721 247 865 775 530 406 621 884 648 368 482 691 1098 1004 1125 837 896 647 1019 1381 859 604 679 891 479 819 649 962 625 955 603 697 1614 928 883 503 731 475 1081 740 937 1256 808 592 924 1278 814 648 561 886 693 601 780 571 911 602 827 705 507 984 1013 546 1076 1690 594 459 822 579 745 750 929 797 863 564 872 1300 804 796 920 776 404 514 1080 941 502 764 764 1051 411 911 1152 1394 478 901 720 682 924 821 641 787 432 737 1023 938 582 752 1056 866 810 832 694 937 858 604 1203 981 624 1028 1307 1025 1131 782 719 896 671 419 675 1280 1180 406 946 1007 973 499 355 940 1135 785 574 511 638 779 643 751 745 959 775 1203 924 1135 922 920 830 312 788 1153 926 418 1338 718 808 807 1402 457 441 860 997 800 392 974 845 803 870 843 761 826 292 911 476 570 1144 773 592 383 630 993 984 1194 651 676 1138
1404 1103 27 1043 817 1138 1196 1145 1323 1026 1204 0 503 1229 1621 1212 982 1239 1309 1195 1977 1461 432 1729 1381 692 644 1653 1066 1192 1398 509 866 1350 1285 1562 1632 1437 1080 1516 1066 1075 1109 1413 1258 1757 1317 978 1106 1507 1379 1301 952 1228 1273 1107 1476 1108 946 886 1176 1154 987 1342 1440 1192 2155 1782 1361 691 995 1176 1003 1062 1142 984 1117 2002 887 1561 1252 1073 1425 1260 1185 1254 939 763 1277 1423 1035 1294 1091 1218 932 1239 1103 1056 1168 1313 1259 860 893 1022 1441 1281 1192 889 1599 1334 1319 1333 1163 998 987 999 924 1198 836 925 1388 1149 1548 1505 1009 1364 766 937 1627 1042 1072 798 1359 1025 1175 768 1227 888 1352 1035 869 1733 1177 1021 971 903 943 1220 1321 1237 500 1300 1278 1392 1755 1135 876 1029 1354 1161 1039 1276 1205 1403 1390 1672 1550 975 1657 1110 1014 1420 1559 1007 927 1290 1373 1393 1215 1441 1189 1038 1145 725 1218 1490 1280 1462 1650 1524 1308 1120 1445 1138 617 1192 948 1093 1291 1386 1675 946 1526 1282 1136 1387 1234 1109 640 900 1005 1404 1519 1132 1350 1524 1042 1220 685 547 790 1075 1072 1671 1334 1092 1339 1347 889 1250 1355 1416 1305 1139 887 1233 1221 1761 1194 1432 1058 1011 1522 1149 1059 1038 904 1046 979 1441 1229 999 604 1237 1559 1243 1341 1313 1281 1101 789 683 1192 836 655 1039 1512 1293 1268 711 973 1582 1480 909 1117 1115 1199 1312 1342 1063 1645 1112 1430 1221 1182 1212 1091 1035 1038 1788 1265 919 851 1010 1304 1196 1291 1101 529 1318
1060 600 476 1045 396 635 693 669 1033 605 701 503 0 808 1318 709 737 994 888 774 1474 958 704 1334 960 447 223 1156 776 689 977 597 621 929 890 1356 1149 1093 659 1013 722 789 606 917 918 1467 896 557 603 1221 876 798 449 807 770 686 973 856 934 383 970 733 732 855 1074 947 1777 1438 858 446 750 755 500 641 747 563 696 1499 466 1242 839 652 922 757 682 1242 941 342 856 920 532 873 588 973 511 901 708 635 665 892 756 357 648 777 1138 829 771 468 1096 913 898 830 740 495 742 803 956 695 333 504 1068 728 1342 1161 588 861 345 651 1227 621 569 377 856 522 889 347 806 643 920 614 448 1312 975 600 468 482 440 940 1076 842 1003 956 940 889 1360 948 481 526 851 658 695 773 772 911 912 1251 1129 472 1276 865 511 1170 1314 923 424 787 870 998 715 1151 808 617 832 480 1414 1082 977 1041 1153 1041 805 1152 1024 794 196 906 527 590 947 965 1254 443 1197 861 715 1058 1050 606 219 397 702 1319 1221 629 847 1021 621 799 353 302 369 823 569 1168 913 589 918 1115 468 829 852 1096 927 636 384 796 889 1516 924 929 637 766 1101 646 638 752 483 756 476 1015 984 713 209 893 1129 740 920 892 995 680 544 438 689 415 1158 618 1027 1048 765 425 728 1290 1059 406 720 720 765 809 939 642 1220 867 1009 976 896 709 846 853 535 1367 921 839 348 666 883 949 970 856 284 985
848 1066 1202 756 412 1077 1111 1135 1264 1021 1011 1229 808 0 1537 863 1106 1028 1258 971 1784 1405 943 1343 1154 816 639 1159 1090 1101 1386 1013 1037 776 622 1268 1076 993 1075 1060 510 864 1072 1197 872 1702 710 973 1069 1591 1156 1241 915 1110 1188 252 1100 722 862 849 1092 1149 1071 1237 1232 1363 1700 1226 1064 815 1119 873 942 890 425 979 721 1965 836 1223 417 1068 1369 1142 1142 1170 855 758 889 840 910 439 1035 1054 881 1171 1124 201 1122 940 956 775 1064 989 1114 1167 951 884 1434 1093 1148 864 1158 961 1158 1157 840 1030 799 913 1290 1082 1464 1061 927 1078 761 1002 793 1037 907 793 1322 988 1006 763 1063 1012 723 953 787 1561 869 970 934 821 778 591 1492 574 1192 744 1210 1336 1092 534 897 986 1317 1124 537 1216 1167 847 1079 1426 1453 938 1118 983 977 1012 1683 1251 890 1253 1150 969 1053 1382 1147 1033 1108 896 1574 1329 1196 876 1312 968 1085 1036 1040 509 612 747 897 982 847 1263 1574 781 775 1277 990 790 1230 1072 589 735 921 897 1339 1007 1225 1055 187 1115 769 718 785 689 987 1249 947 1055 897 639 884 475 1230 1262 850 1054 850 336 1305 1689 942 1218 1053 800 1196 926 893 1122 899 1110 942 1295 1038 830 625 681 1323 1206 1290 1104 1365 1096 913 854 969 831 1109 1034 982 1417 1028 795 754 856 1205 872 1044 452 896 1070 1131 166 1500 861 619 798 1013 989 636 1133 1001 1680 709 1222 814 566 862 1320 1164 910 700 863
1199 1084 1594 1529 1459 1119 1345 1291 1403 854 1353 1621 1318 1537 0 1303 1458 1434 1679 1484 2126 1100 1585 1583 1700 1461 1232 1602 1240 1173 1748 1660 1664 1689 1698 1676 1575 1407 1406 1375 1329 1668 994 1511 1402 1931 1751 1314 1215 2102 1384 1200 1071 1297 1422 1285 1415 1422 1418 949 1290 982 1620 1418 1640 1816 2261 2045 1510 1460 1725 1176 984 1412 1501 1273 1467 1983 1336 1750 1461 1399 1064 899 1248 1726 1425 1113 950 1308 1016 1548 730 1502 1302 1237 1207 1336 1228 1587 1408 1009 1206 1119 1052 1385 1090 1403 1748 1232 1361 1300 1362 883 1254 1267 1440 1179 985 1275 1576 977 1662 1475 1525 1483 1116 1532 1731 1476 1221 1148 1478 1174 1770 1118 1176 1263 1488 1488 1444 2083 1459 1470 952 1478 1092 1620 1588 1641 1864 1095 1276 1031 2160 1544 980 1092 1335 1280 1347 1175 1394 1198 1396 1741 1619 860 1539 1699 995 1774 2328 1151 908 1409 1464 1197 1367 1521 1418 1480 1454 1416 1612 1328 891 1494 1661 1467 1399 1636 1621 1401 1259 1558 1404 1242 1353 1376 1975 1095 1819 1543 1475 1376 1369 855 1282 1049 616 1890 1636 1113 1331 1491 1350 1540 1416 1345 1090 1389 1221 1678 1298 838 1628 1844 1531 1466 1336 1604 1411 1288 1006 1448 1952 1990 1388 1384 886 1530 1542 1240 1409 1633 1193 1220 1042 1523 1326 1594 1252 1500 1271 1224 1790 1809 1584 1432 1558 1436 1197 1355 1709 1494 1481 1776 1249 1306 1354 1718 1500 1058 739 1528 1153 1317 1325 1371 1728 1650 1430 1646 1777 1217 1442 1033 923 2029 1528 917 970 1318 1593 1198 1647 1198 1327 1669
918 643 1185 837 901 678 736 712 884 925 418 1212 709 863 1303 0 851 485 1129 755 1191 879 963 1426 1237 884 788 937 682 732 1263 1216 764 797 937 852 566 856 770 550 765 589 571 334 955 1217 1156 612 646 1689 293 529 492 268 813 741 580 805 740 426 466 1053 779 898 944 1366 1454 810 471 883 770 831 543 803 794 813 598 1542 757 659 879 763 965 762 463 702 733 907 900 652 575 928 631 993 752 387 565 690 708 873 363 400 585 524 1123 872 571 701 1139 429 555 873 783 538 491 749 718 509 376 790 485 1048 838 788 635 904 910 727 1089 705 612 921 899 187 638 912 940 822 792 397 563 1474 976 827 511 529 483 922 825 645 1142 814 426 932 1072 821 656 569 841 701 738 554 405 711 910 888 943 515 849 1141 554 1185 1751 388 467 830 287 1053 758 1002 591 709 465 821 1284 638 962 502 570 458 222 914 735 810 815 472 922 119 822 1140 1102 486 1209 554 583 1015 615 619 838 440 687 1198 1023 506 724 1002 676 914 972 921 988 772 612 1127 989 632 736 1141 607 1006 490 513 604 679 427 839 1321 1146 714 972 957 713 737 63 800 1220 893 702 519 432 573 814 828 922 943 730 1147 632 1102 756 976 857 106 754 987 757 444 1068 642 893 601 1210 695 449 810 767 808 226 770 697 637 664 677 555 631 126 719 270 578 938 894 386 391 709 701 956 1062 445 903 946
1092 726 955 1014 741 609 1001 947 1341 950 927 982 737 1106 1458 851 0 1155 1223 1119 1700 1098 1049 1398 1209 292 568 1364 1084 727 1322 853 790 1274 1124 1276 1203 1094 960 1003 1030 1134 732 1185 927 1709 1241 902 881 1566 1144 924 727 583 1078 854 1043 777 917 591 890 935 1077 844 1282 1116 1751 1661 980 291 595 914 474 986 927 908 1041 1625 811 1485 910 953 1062 897 890 1225 910 687 1133 1046 442 1048 728 818 856 811 966 905 654 1011 872 665 817 779 1278 1073 1088 813 1404 1230 1064 1123 1018 621 911 1111 895 605 641 849 1297 1073 1262 1162 933 1139 690 996 1395 966 877 722 1134 830 1068 692 1151 488 1149 959 793 1657 885 945 506 827 748 1144 1245 1076 1319 988 850 1029 1594 793 739 734 889 936 1003 899 1050 885 1038 1009 1131 598 1273 1034 637 1020 1159 1133 550 1065 1095 1166 959 1459 1060 962 1069 649 1452 1062 1117 817 1421 1095 1030 1091 1047 1102 541 1249 872 898 1255 1243 1599 751 1268 1162 1060 987 1360 884 564 705 842 1309 1380 345 563 1314 919 966 609 471 714 744 877 1365 1022 867 1263 1318 813 1004 762 1269 901 944 662 1104 1145 1685 1201 903 982 935 1190 914 983 1097 828 1064 684 1283 857 1058 528 1201 1269 778 1265 1237 1226 845 389 607 957 760 1164 783 1109 893 481 770 573 1182 1148 714 965 954 891 888 1065 940 1488 882 1112 991 1075 977 691 1015 661 1712 1229 1117 626 974 1228 796 1215 729 453 918
733 1002 1212 1196 998 1008 1095 1071 1201 1159 777 1239 994 1028 1434 485 1155 0 1213 1114 1550 1178 1301 1785 1375 863 825 1296 1041 781 1472 1074 1011 622 1276 1211 925 941 1129 909 779 948 1008 693 1010 1576 1364 971 1005 1569 652 888 851 753 1123 878 939 1164 1099 785 825 1223 1138 1257 1303 1337 1813 1295 830 864 861 990 902 736 1079 1165 957 1751 881 807 1043 1122 1324 1079 822 1061 1092 944 484 1137 934 1065 990 638 836 746 924 827 1067 1232 722 759 944 811 1482 857 888 1060 1124 788 914 833 1142 897 850 1108 1077 868 735 999 844 1156 1197 1009 994 1263 947 1086 1419 1064 597 979 1258 546 997 949 1220 1061 307 756 922 1407 1248 1015 870 888 726 437 1101 1004 1407 629 785 1109 1431 1001 1015 928 1200 1060 752 913 764 732 964 1247 1187 874 1208 1255 763 1227 1730 747 826 1112 646 1412 743 1319 950 1068 824 514 1601 997 1321 987 896 817 581 1273 1094 851 798 831 1129 478 442 1420 1461 729 1251 913 836 1257 974 978 821 769 1046 1129 1299 991 1209 1024 841 1250 830 692 971 1131 572 844 832 991 1095 787 1055 1035 849 872 963 1038 786 1024 1366 661 1073 1302 1127 228 1096 422 739 1100 1085 1061 878 791 932 1173 785 950 1260 1089 1335 991 1461 967 962 828 465 1017 1346 905 803 1159 1109 1022 960 1482 1054 808 1145 1106 1013 585 559 862 996 1023 1036 914 990 485 1078 629 937 1264 978 745 750 723 1060 1351 1421 804 710 1305
978 1040 1282 1484 846 1075 1163 1109 1407 1101 1171 1309 888 1258 1679 1129 1223 1213 0 1255 1944 1398 1154 1830 916 943 719 1596 1158 1129 1464 1093 1117 1386 1386 1806 1187 1186 1155 987 1108 1239 1046 1337 1031 1849 1346 1053 1043 1671 1296 1238 889 1116 973 1136 947 1247 1374 823 1420 1229 1228 1295 1514 1443 2217 1824 1272 942 1246 1205 940 1122 1243 1044 1183 1939 422 1662 1207 1148 1362 1197 1122 1351 1380 829 729 1360 972 1323 1028 1469 377 1341 1204 1085 1105 1300 1164 827 1144 1017 1578 1299 1252 964 1566 1394 1356 1300 1180 935 1238 1225 1365 1135 803 991 1488 1224 1792 1254 1084 1301 826 1101 1677 1042 1039 858 1296 992 1339 828 1302 1139 1333 1110 944 1793 1415 556 908 978 910 1201 1572 1338 1789 874 1380 1329 1856 1314 977 966 1291 1098 1135 1213 1212 977 814 1106 1228 912 1659 1361 951 1610 1810 1391 864 1227 1290 1494 1185 1525 1294 1038 1272 976 1854 1522 1417 1350 1573 1079 1225 1561 1474 1180 692 1356 977 1010 1417 1446 1750 913 1565 1357 1196 1432 1531 1046 669 867 1142 1687 1671 878 660 1491 1071 1295 849 798 865 1214 1039 1457 1077 1029 1337 1551 964 1310 1292 1516 1367 1106 752 1262 1385 1874 1010 1369 1133 1262 1174 1066 1119 1202 964 1178 916 1435 1066 1163 705 1279 1569 1180 876 1388 1431 1176 1040 934 1109 911 1634 1114 1093 1544 1014 875 1094 1703 1132 876 1216 1216 1205 1229 1379 1092 1640 1363 1409 1472 1346 1129 1212 1273 975 1788 1307 1279 788 1136 1364 1389 1391 938 780 1207
1071 876 1168 761 778 911 1151 1097 993 938 1047 1195 774 971 1484 755 1119 1114 1255 0 1820 1124 1086 1145 502 829 551 1165 960 903 1067 979 1003 971 872 1280 1146 1279 987 1067 855 1114 786 421 674 1393 1203 885 1005 1603 922 1043 877 863 1205 821 1107 524 664 741 894 1066 1060 1210 1151 756 1502 1565 1100 828 986 606 776 721 729 211 786 1775 833 1190 554 980 1088 923 944 972 657 432 1112 1100 808 838 754 763 878 964 1021 770 1020 118 992 815 1030 791 653 1199 851 796 1554 993 1184 870 1070 629 1090 893 642 971 791 594 661 815 1266 1271 916 1289 429 1033 1362 792 1027 461 1284 816 936 427 973 1025 1094 942 776 1392 875 925 744 810 898 1020 1231 824 1066 967 1003 1055 1248 540 794 788 1127 1086 882 1018 969 1070 1144 796 674 652 692 1247 787 1357 1696 987 700 1075 916 508 1118 1111 1136 796 917 862 1376 903 814 1097 1199 1087 851 838 911 927 578 997 834 748 1192 773 1189 901 912 1118 799 364 1130 929 601 855 868 1022 1033 905 1045 1061 784 1120 735 684 751 491 1027 1550 764 946 144 1065 850 909 1119 689 652 1094 812 975 1271 1671 948 1205 970 1148 964 692 718 1134 291 940 834 608 823 1095 591 1026 1223 1016 1245 719 1189 1062 926 820 735 743 911 1000 1073 1242 1041 807 556 929 922 864 991 702 629 803 1119 805 1266 1088 352 1184 943 755 438 869 669 1538 1054 985 776 911 109 1306 1149 712 666 211
1685 1408 1950 1776 1737 1425 1501 1477 1584 1748 773 1977 1474 1784 2126 1191 1700 1550 1944 1820 0 1751 1860 2285 2016 1596 1536 1964 1327 1497 1728 1849 1415 1669 1940 1791 1285 1830 1709 1085 1347 1654 1414 1399 1726 2018 2135 1551 1411 2377 1272 1528 1257 1459 1534 1704 1045 1664 1679 1191 1405 1876 1754 1461 1632 2112 2519 2001 936 1595 1835 1596 1290 1716 1743 1638 1063 2307 1522 1638 1647 1702 1730 1565 1490 1449 1672 1417 1726 1728 1258 1704 1396 2058 1567 1326 1630 1653 1470 1901 828 1165 1085 1503 1663 1637 1636 1508 1904 1494 1020 1638 1548 1303 1179 1394 1657 1421 1141 1255 1464 1871 1777 1898 1610 1669 1420 1792 2154 1632 1377 1452 1664 1252 1592 1422 1735 1398 1728 1376 1470 2387 1701 1656 1276 1504 1248 1854 1513 1710 2029 1581 1365 1697 2051 1587 1421 1334 1659 1466 1374 1553 1344 1684 1375 1600 1478 1280 1757 1786 1319 1849 2463 1367 1232 1595 1352 1518 1523 1702 1570 1636 1337 1645 2073 1577 1569 1693 1549 1177 1287 1853 1714 1275 1537 1537 1824 1184 1684 1925 2167 1251 1674 1493 1455 1697 1594 1414 1560 1205 1510 1796 1711 1355 1525 1829 1639 1583 1605 1467 1710 1631 1377 1976 1754 1397 1801 2080 1798 1904 1555 1492 1669 1444 1192 1448 2053 1953 1179 1719 1780 1746 1272 1128 1713 1908 1558 1347 1284 1411 1552 1416 1524 1518 1732 1548 1976 1697 1908 1695 1693 1603 1085 1561 1926 1699 1191 2111 1491 1581 1580 2175 1230 1214 1633 1770 1573 1165 1747 1618 1576 1643 1616 1534 1599 1065 1684 1249 1343 1917 1546 1365 1156 1403 1766 1757 1967 1424 1449 1911
1061 724 1434 920 1127 578 985 931 1043 722 978 1461 958 1405 1100 879 1098 1178 1398 1124 1751 0 1225 1451 1470 1068 954 1362 1068 813 1540 1328 833 746 880 1082 1233 1063 839 1181 1014 1308 634 1087 1042 1759 1250 1059 865 1742 960 840 711 937 1062 1153 1207 985 823 589 696 850 1247 1058 1213 1585 1720 1689 1098 1067 763 816 624 1126 1077 913 1225 1623 976 1326 1101 832 704 539 888 1131 816 905 1102 948 656 1188 370 540 1021 617 869 1204 868 1185 990 649 666 618 920 1047 730 1048 1388 872 1182 1122 1002 523 760 1095 801 819 625 1067 1152 845 1068 1131 1145 1123 902 1172 1393 1116 861 870 1118 814 1391 904 1044 903 871 1064 1179 1797 781 1079 592 1196 732 931 1094 1172 1225 957 656 69 1060 1073 642 732 975 920 987 815 474 854 1036 1406 1284 500 577 1527 635 1414 1935 939 548 808 1040 1065 1007 1161 1045 1120 414 915 1252 366 759 1134 1237 1125 975 997 1261 1086 927 1225 1044 872 1006 1241 1843 735 1153 623 532 905 1009 723 950 689 484 1031 1282 753 971 1313 1218 1180 1084 1007 958 952 861 1334 974 706 1268 1224 1198 1316 976 1180 870 928 646 1088 1620 1534 1216 284 754 1140 1045 816 1123 1273 833 1048 682 1099 825 1234 914 1184 911 864 1399 1385 919 986 969 1076 773 995 1070 1048 1111 1061 889 946 853 1462 1036 698 607 1050 793 778 967 1239 1264 1290 1070 1222 1384 753 971 821 563 1605 1156 785 610 958 1233 1013 1459 697 989 1198
972 949 405 1128 662 984 1223 1036 1281 917 1087 432 704 943 1585 963 1049 1301 1154 1086 1860 1225 0 1512 1226 759 535 1328 1024 1038 1289 887 933 1241 1191 1336 1200 1005 971 1184 634 643 859 1171 1041 1715 1162 869 1104 1075 1044 1030 950 1119 1279 691 1224 891 1031 814 950 1045 555 1233 1134 1259 1869 1350 1047 758 1062 1021 849 953 994 875 918 1848 732 1410 820 964 1189 1024 1113 1339 1024 654 1013 1173 881 980 855 1285 777 897 1020 742 1093 1125 1114 887 775 1089 1405 1198 1081 780 1625 1223 1210 1033 1054 702 681 1051 1009 1042 864 816 1236 1040 1322 1073 699 1339 657 505 1232 933 1099 689 1357 1024 743 659 1075 955 994 926 760 1624 1038 866 817 794 970 1126 1015 933 932 868 936 1156 1661 703 793 957 974 1136 607 1055 1087 971 1203 1517 1395 725 1225 1177 860 1082 1626 575 773 1265 1124 1310 1106 1399 757 929 1027 792 1650 1148 1244 1210 1321 1092 1059 1205 1290 706 508 760 793 956 859 1013 1430 973 1178 1173 1027 1337 802 1042 485 927 969 1300 1213 978 1196 1224 756 1111 665 614 681 858 1099 1261 1071 1059 1230 1250 780 1086 1201 1264 1019 1166 885 879 1201 1455 1111 1278 949 1078 1320 900 950 606 795 1004 907 1183 1207 567 521 805 1396 1085 1186 960 849 992 856 750 857 727 1087 930 1106 1360 1114 279 923 1296 1329 937 1032 1021 1018 977 1147 777 1388 931 1022 1040 750 877 805 693 662 1679 833 809 849 578 1195 1263 1282 1079 596 1032
1396 1161 1728 924 1338 1213 1504 1450 1622 729 1512 1729 1334 1343 1583 1426 1398 1785 1830 1145 2285 1451 1512 0 1225 1108 1165 1434 1365 1043 1464 1539 1491 1512 1568 1443 1515 1625 1497 1499 1479 1566 1317 1422 837 2056 1481 1189 1384 2163 1507 1206 1230 1429 1368 1193 1539 621 827 1094 1057 601 1603 1405 1499 599 1771 2195 1669 1107 1411 953 1211 1310 1394 1356 1638 2210 1408 1873 926 1490 1415 1250 1107 1135 820 1284 1459 1631 1243 1107 1081 1634 1453 1136 1312 1142 1446 1027 1567 1168 1444 1060 1403 1490 1441 1278 1907 1583 1712 1139 1374 1206 1535 1432 805 1406 1144 1446 1560 852 1429 1557 1459 1642 1287 1593 1734 1479 1380 1319 1637 1333 1831 1289 1527 1304 1505 1485 1319 1981 1144 1363 1179 1353 1251 1373 1617 1276 1229 1314 1175 1382 1688 809 1085 951 1562 1439 1506 1181 1132 1417 1413 1616 1494 1183 1567 1703 1222 1836 1975 1432 1135 1568 1238 1417 1526 1740 1635 1475 1192 1357 1473 1387 1242 1663 1784 1407 1303 1001 1399 1520 1138 1449 1112 1401 1640 1679 1850 1254 1284 1281 1298 1239 1659 1206 1161 1208 967 1285 1419 1191 1208 1330 1156 1283 1295 1244 965 654 1380 1896 1111 1189 1289 1228 1410 1486 1563 1588 921 1447 1165 1347 1753 2057 1217 1507 697 1582 1647 1363 1313 1694 1425 1385 1001 1517 1109 1655 1151 1650 1622 1451 1683 1720 1647 1347 1205 1108 1320 1331 1074 1409 1393 1589 1055 1367 825 1198 1605 1217 844 1398 976 1297 1430 1177 1851 1456 1128 1565 1838 1340 707 1314 1246 2152 1678 1268 1129 1477 1254 1549 1522 981 1226 934
1140 1078 1354 841 918 1024 1235 1181 491 846 1243 1381 960 1154 1700 1237 1209 1375 916 502 2016 1470 1226 1225 0 919 791 1245 748 983 1381 1165 1189 1237 1374 1360 1329 1348 1227 1305 1264 1311 1118 923 754 1439 1418 1125 1115 1743 1318 1123 961 1365 1251 1004 1265 604 744 895 974 974 1217 1322 1416 836 1582 1858 1355 918 1222 1108 1012 1121 1205 713 1229 2011 494 1580 737 1220 1383 995 1024 1052 737 901 891 1432 1044 918 1100 1029 539 1053 1276 953 1177 384 1247 899 1216 871 919 1346 804 1036 1638 946 1439 950 1252 1007 1310 815 722 1207 875 1063 927 723 1346 1368 1073 1373 898 1173 1545 1114 1111 930 994 1064 1411 900 1374 1115 1080 1182 1016 1792 955 628 980 1050 982 1184 1644 1193 1146 1036 1092 1401 1514 620 1049 868 1363 1170 1237 1098 1049 1139 1092 1062 940 984 1194 1207 1023 1647 1786 1310 936 1299 1049 774 1257 609 1366 1110 1109 1048 1456 1304 1080 1599 1595 1221 1114 918 1177 1331 764 1366 1049 1132 945 1275 1691 985 1095 1198 1227 866 1083 1118 741 939 1084 1202 1535 1141 1125 1141 967 1200 921 870 937 571 1111 1347 1239 1101 646 1145 1036 1297 1364 955 732 1178 824 1158 1457 1498 896 1318 878 1334 1230 1174 1124 1274 793 768 918 874 920 1235 777 1313 1176 1252 948 1221 1503 1248 1016 1006 1131 983 991 1186 1207 1520 1169 947 636 1009 1188 948 961 1204 1131 1214 1451 988 1662 1435 854 1544 1418 1151 518 1231 1047 1860 1341 1347 860 1208 611 1423 1388 792 852 291
1146 729 665 724 451 764 1004 779 1139 660 823 692 447 816 1461 884 292 863 943 829 1596 1068 759 1108 919 0 278 1128 925 818 1032 563 500 984 919 1231 1238 1206 714 1135 835 844 735 1047 637 1616 951 612 884 1276 965 927 730 862 1022 564 1095 487 627 594 845 788 787 976 1074 826 1465 1551 986 1 305 681 629 696 776 618 751 1628 521 1195 620 707 1065 900 893 935 620 397 911 1049 661 758 731 528 566 924 737 615 873 721 878 668 527 518 1021 783 826 523 1342 968 953 833 797 624 621 858 605 824 644 559 1022 783 1217 1235 643 1082 400 706 1105 676 815 432 1137 833 778 402 861 198 859 669 503 1367 838 655 597 537 751 854 955 871 1029 1042 963 999 1389 503 510 737 980 879 808 902 839 1040 1041 1235 1113 601 1025 744 640 730 867 952 553 1008 918 876 669 1257 863 672 779 359 1339 1149 1120 960 1242 1130 853 801 1079 907 251 961 582 877 994 1020 1309 754 978 916 770 697 1105 883 274 708 845 1019 1147 637 855 1024 629 854 319 181 424 454 880 1396 839 866 973 1028 523 712 981 1050 615 738 665 820 855 1395 911 1058 692 645 1156 821 693 807 538 905 687 1075 567 768 238 1006 1198 869 975 947 1050 555 99 317 778 470 874 493 1116 603 773 480 283 892 1114 717 751 749 704 898 976 650 1279 746 822 855 785 798 401 842 664 1422 1034 958 629 779 938 506 925 439 163 628
928 677 617 935 227 712 916 555 861 436 763 644 223 639 1232 788 568 825 719 551 1536 954 535 1165 791 278 0 1009 647 766 754 428 452 706 721 1187 1142 982 436 965 611 620 588 769 913 1338 727 334 687 1052 869 874 672 638 744 517 925 763 903 542 801 564 509 698 1026 778 1657 1327 816 277 581 542 577 418 578 340 473 1576 297 1140 682 429 886 739 841 1211 896 119 687 902 609 704 584 804 342 880 539 466 821 669 708 580 479 608 974 717 548 245 1144 690 675 882 519 477 573 580 881 772 556 281 974 559 1173 957 365 804 122 482 1058 398 771 154 1079 745 720 124 583 474 849 391 225 1089 1052 431 545 259 661 717 907 673 1144 832 919 885 1191 779 312 685 881 601 584 850 670 935 903 1082 960 454 1053 696 588 1006 1145 754 501 730 817 829 625 979 585 394 610 311 1261 980 891 872 1146 1034 882 1077 855 683 27 737 358 781 836 742 1085 658 1040 638 492 889 827 829 50 620 616 1162 1002 706 924 1073 452 576 184 133 200 730 792 1238 700 812 695 946 299 606 929 1002 807 859 607 643 720 1347 795 1006 468 597 878 725 415 583 260 627 635 1008 815 544 40 782 920 817 751 669 787 511 375 269 682 192 1150 449 1020 879 842 256 559 1121 836 629 551 551 565 720 921 473 1213 698 796 807 727 702 677 794 517 1144 810 910 571 555 660 782 747 687 115 762
1317 990 1626 1050 1197 1025 1183 1129 1438 1224 1191 1653 1156 1159 1602 937 1364 1296 1596 1165 1964 1362 1328 1434 1245 1128 1009 0 1181 1079 1590 1437 1349 1374 1407 1569 1377 1350 1312 1361 979 1288 996 822 963 1872 1495 959 1063 2001 1104 1092 909 1205 1260 1009 1391 813 953 773 1183 1352 1516 1315 1178 1499 1791 1492 1282 1127 1431 1178 890 1330 1210 1188 1263 1889 1174 995 742 1305 1326 1161 474 1261 946 1128 1358 1310 922 923 992 1652 1219 1198 1230 958 1125 1047 1174 847 1318 1080 1422 1319 1352 870 1097 1240 1253 955 1144 885 1302 1248 931 1085 823 1290 1296 1278 1555 1418 1374 1321 1131 1426 1550 1193 1059 1163 1316 750 741 1133 426 1169 1321 1208 1234 2001 960 1308 858 1268 930 1189 1084 1342 1355 1213 1237 1293 1814 625 1003 630 1241 1118 952 1117 1006 1301 1229 1683 1603 862 1527 1640 901 1427 1995 1199 814 1247 1098 1348 1205 1556 1314 1197 1066 1320 1665 1316 1261 1439 1084 1269 1033 1127 1525 1051 1036 1171 1367 818 1204 626 994 933 1100 1155 1184 1259 1426 747 1059 887 986 1222 886 1019 1237 1013 972 1409 1193 1142 1209 780 1059 1606 1336 764 1222 1354 1308 1302 1242 1324 941 1126 844 1163 1729 1524 1033 1319 1256 1398 1462 874 1333 1532 1108 1201 680 1243 1129 917 1049 947 1533 1130 1628 524 1490 1443 1225 1274 917 817 1200 1381 1255 1729 929 1205 845 1218 1461 896 1109 1237 1155 1037 1329 993 1448 1276 944 1366 748 937 727 1081 925 1421 975 980 808 923 1187 1124 1550 1001 1124 954
783 710 1039 981 874 745 755 779 257 862 554 1066 776 1090 1240 682 1084 1041 1158 960 1327 1068 1024 1365 748 925 647 1181 0 799 1163 557 637 1013 823 799 581 991 1032 565 736 821 716 890 894 691 1157 877 713 1650 763 908 559 950 503 940 605 744 884 493 936 990 469 938 1116 1425 1722 1110 607 924 1199 898 610 827 680 749 734 1609 824 1129 673 1025 1032 761 751 717 877 528 824 1030 642 854 698 1361 869 857 950 889 775 978 499 419 866 994 1031 891 570 892 1158 712 691 871 850 605 960 67 862 805 443 690 955 985 1308 1059 325 971 531 956 1474 934 631 563 760 632 1194 533 1037 889 1030 563 465 1498 891 958 578 431 502 1120 1022 531 1286 679 896 999 1293 556 723 636 961 768 757 883 875 782 344 931 958 582 1035 459 621 1200 1792 858 534 897 843 886 777 375 671 938 917 958 1283 1108 899 1184 1040 473 778 1058 1205 808 674 704 1005 675 1009 1151 1458 505 1031 1024 799 707 849 716 697 459 624 1153 1220 739 957 680 903 816 801 780 847 711 631 1230 882 699 1104 1285 946 1015 962 983 872 698 494 858 1286 750 148 1039 894 1000 752 619 824 1181 669 20 586 902 1043 1087 687 565 942 850 1138 988 1210 1015 993 916 576 839 1131 953 459 1360 875 903 776 1149 710 516 747 653 875 696 1049 924 1107 1081 875 1025 1187 596 658 740 645 1408 593 856 458 728 1069 1059 640 915 762 885
