30 1000
0 120 341 253 290 129 241 114 124 127 163 116 178 62 211 174 162 12 82 238 76 193 66 64 149 138 90 153 134 141
120 0 331 249 286 9 158 89 120 7 138 112 153 58 154 170 158 132 38 170 196 110 128 184 124 134 30 149 109 137
341 331 0 470 507 340 426 349 341 338 398 333 413 279 422 391 379 353 299 438 417 428 407 405 384 355 301 370 364 358
253 249 470 0 419 258 407 319 129 256 368 245 340 191 403 303 291 265 211 419 329 359 208 317 354 267 219 282 299 270
290 286 507 419 0 295 371 263 290 293 312 174 219 228 367 116 170 302 248 383 366 323 356 354 248 196 256 161 243 149
129 9 340 258 295 0 167 98 129 16 147 121 162 67 163 179 167 141 47 179 205 119 137 193 133 143 39 158 118 146
241 158 426 407 371 167 0 127 278 151 176 238 191 216 92 255 201 229 196 12 252 48 286 186 162 216 188 229 147 222
114 89 349 319 263 98 127 0 209 82 49 111 64 147 123 147 135 102 127 139 125 79 180 154 35 89 119 102 20 114
124 120 341 129 290 129 278 209 0 127 258 116 211 62 274 174 162 136 82 290 200 230 79 188 240 138 90 153 229 141
127 7 338 256 293 16 151 82 127 0 131 119 146 65 147 177 165 139 45 163 203 103 135 191 117 141 37 156 102 144
163 138 398 368 312 147 176 49 258 131 0 160 113 196 172 196 184 151 176 188 174 128 229 203 84 138 168 151 69 163
116 112 333 245 174 121 238 111 116 119 160 0 95 54 234 58 46 128 74 250 192 190 182 180 124 22 82 37 119 25
178 153 413 340 219 162 191 64 211 146 113 95 0 149 187 103 91 166 169 203 189 143 244 218 29 117 177 82 84 70
62 58 279 191 228 67 216 147 62 65 196 54 149 0 212 112 100 74 20 228 138 168 128 126 178 76 28 91 167 79
211 154 422 403 367 163 92 123 274 147 172 234 187 212 0 251 197 223 192 104 192 44 277 188 158 212 184 225 143 218
174 170 391 303 116 179 255 147 174 177 196 58 103 112 251 0 54 186 132 267 250 207 240 238 132 80 140 45 127 33
162 158 379 291 170 167 201 135 162 165 184 46 91 100 197 54 0 174 120 213 238 153 228 226 120 68 128 33 115 21
12 132 353 265 302 141 229 102 136 139 151 128 166 74 223 186 174 0 94 226 88 181 78 52 137 150 102 165 122 153
82 38 299 211 248 47 196 127 82 45 176 74 169 20 192 132 120 94 0 208 158 148 148 146 162 96 8 111 147 99
238 170 438 419 383 179 12 139 290 163 188 250 203 228 104 267 213 226 208 0 264 60 298 174 174 228 200 241 159 234
76 196 417 329 366 205 252 125 200 203 174 192 189 138 192 250 238 88 158 264 0 204 142 140 160 214 166 227 145 217
193 110 428 359 323 119 48 79 230 103 128 190 143 168 44 207 153 181 148 60 204 0 238 144 114 168 140 181 99 174
66 128 407 208 356 137 286 180 79 135 229 182 244 128 277 240 228 78 148 298 142 238 0 130 215 204 156 219 200 207
64 184 405 317 354 193 186 154 188 191 203 180 218 126 188 238 226 52 146 174 140 144 130 0 189 202 154 217 174 205
149 124 384 354 248 133 162 35 240 117 84 124 29 178 158 132 120 137 162 174 160 114 215 189 0 124 154 111 55 99
138 134 355 267 196 143 216 89 138 141 138 22 117 76 212 80 68 150 96 228 214 168 204 202 124 0 104 39 109 47
90 30 301 219 256 39 188 119 90 37 168 82 177 28 184 140 128 102 8 200 166 140 156 154 154 104 0 119 139 107
153 149 370 282 161 158 229 102 153 156 151 37 82 91 225 45 33 165 111 241 227 181 219 217 111 39 119 0 82 12
134 109 364 299 243 118 147 20 229 102 69 119 84 167 143 127 115 122 147 159 145 99 200 174 55 109 139 82 0 94
141 137 358 270 149 146 222 114 141 144 163 25 70 79 218 33 21 153 99 234 217 174 207 205 99 47 107 12 94 0
