           0.28          45.28          31.34          31.25          31.17          15.16           4.53           0.14
          45.28          27.86          13.93          14.03          14.11          30.12          40.75          45.14
          31.34          13.93           0.19           0.09           0.17          16.19          26.81          31.21
          31.25          14.03           0.09           0.16           0.08          16.09          26.72          31.11
          31.17          14.11           0.17           0.08           0.16          16.01          26.64          31.03
          15.16          30.12          16.19          16.09          16.01          21.26          10.63          15.02
           4.53          40.75          26.81          26.72          26.64          10.63           8.78           4.39
           0.14          45.14          31.21          31.11          31.03          15.02           4.39           0.28
45.28
